#! FIELDS time dist wtm.bias wtm.acc wtm.pace
 0.000000 0.959812 0.000000 1.000000 500.000000
 1.000000 0.974939 0.000000 1.000000 500.000000
 2.000000 0.964830 0.880090 1.234356 500.000000
 3.000000 0.902556 0.007185 1.302677 500.000000
 4.000000 0.908787 0.974209 1.309755 500.000000
 5.000000 0.971601 1.859869 1.422844 500.000000
 6.000000 0.916630 1.703396 1.509131 1000.000000
 7.000000 0.989619 1.741668 1.661010 1000.000000
 8.000000 0.944645 1.809411 1.715722 1000.000000
 9.000000 0.960493 3.108634 1.897916 1000.000000
 10.000000 0.932226 2.563048 2.006513 1000.000000
 11.000000 0.977248 2.839310 2.166160 1000.000000
 12.000000 0.951474 3.336885 2.291075 1000.000000
 13.000000 1.000073 1.006862 2.316267 1000.000000
 14.000000 0.963787 3.963982 2.458142 1000.000000
 15.000000 1.004086 0.821890 2.529923 1500.000000
 16.000000 0.934635 4.044609 2.620527 1500.000000
 17.000000 0.937432 4.128752 2.771107 1500.000000
 18.000000 0.955718 4.695821 2.943424 1500.000000
 19.000000 0.970437 4.774247 3.177317 1500.000000
 20.000000 1.003756 0.879994 3.147628 1500.000000
 21.000000 0.866386 0.329955 3.205549 1500.000000
 22.000000 0.843204 0.510616 3.109645 1500.000000
 23.000000 0.945741 4.973094 3.174485 1500.000000
 24.000000 0.900959 3.034466 3.222724 1500.000000
 25.000000 0.952212 5.270802 3.332236 1500.000000
 26.000000 0.976223 4.162203 3.421008 1500.000000
 27.000000 0.955444 5.334769 3.441228 1500.000000
 28.000000 0.907416 4.122855 3.557159 2000.000000
 29.000000 0.920198 4.465151 3.616760 2000.000000
 30.000000 0.895127 3.382891 3.708965 2000.000000
 31.000000 0.911792 4.276308 3.737611 2000.000000
 32.000000 0.930318 4.736737 3.839888 2000.000000
 33.000000 0.846707 0.644268 3.851895 2000.000000
 34.000000 0.880127 2.267254 3.787199 2000.000000
 35.000000 0.847563 0.675511 3.718138 2000.000000
 36.000000 0.907557 4.454186 3.790927 2000.000000
 37.000000 0.882059 2.694351 3.780062 2000.000000
 38.000000 0.949685 6.211890 3.834540 2000.000000
 39.000000 0.912598 5.339012 4.011057 2000.000000
 40.000000 0.891907 3.702437 3.991057 2000.000000
 41.000000 0.874346 2.520133 3.990323 2000.000000
 42.000000 0.934906 5.864523 4.073981 2000.000000
 43.000000 0.843273 0.563794 4.165457 2000.000000
 44.000000 0.829257 0.177782 4.094243 2000.000000
 45.000000 0.844505 1.346088 4.065586 2000.000000
 46.000000 0.858164 1.639714 4.016682 2000.000000
 47.000000 0.868738 2.172078 3.979224 2000.000000
 48.000000 0.904827 5.474571 3.994776 2000.000000
 49.000000 0.926894 6.099686 4.113691 2000.000000
 50.000000 0.906815 6.146099 4.270835 2000.000000
 51.000000 0.881680 3.591830 4.308560 2000.000000
 52.000000 0.896819 5.420247 4.369703 2000.000000
 53.000000 0.857449 1.733980 4.350923 2000.000000
 54.000000 0.902120 6.442078 4.458106 2000.000000
 55.000000 0.871651 2.788620 4.446613 2000.000000
 56.000000 0.922972 6.415873 4.564451 2500.000000
 57.000000 0.832199 1.211433 4.580511 2500.000000
 58.000000 0.850990 1.504326 4.533100 2500.000000
 59.000000 0.809848 0.631236 4.485457 2500.000000
 60.000000 0.849315 1.462736 4.443302 2500.000000
 61.000000 0.817391 1.113525 4.411083 2500.000000
 62.000000 0.850576 2.355365 4.366967 2500.000000
 63.000000 0.840336 2.096691 4.335058 2500.000000
 64.000000 0.867945 3.002305 4.359345 2500.000000
 65.000000 0.879260 4.029564 4.336818 2500.000000
 66.000000 0.885662 5.478123 4.379940 2500.000000
 67.000000 0.814113 0.956074 4.358758 2500.000000
 68.000000 0.786652 0.107966 4.310654 2500.000000
 69.000000 0.850970 2.610001 4.280700 2500.000000
 70.000000 0.864009 3.282178 4.318845 2500.000000
 71.000000 0.864551 4.038376 4.339500 2500.000000
 72.000000 0.809032 0.736415 4.307739 2500.000000
 73.000000 0.878331 5.147126 4.317614 2500.000000
 74.000000 0.816833 1.135547 4.301756 2500.000000
 75.000000 0.866481 4.171909 4.306210 2500.000000
 76.000000 0.745341 0.000000 4.274206 2500.000000
 77.000000 0.730712 0.000000 4.231684 2500.000000
 78.000000 0.713209 0.000000 4.190252 2500.000000
 79.000000 0.704182 0.000000 4.149869 2500.000000
 80.000000 0.705665 0.000000 4.110495 2500.000000
 81.000000 0.781716 0.061107 4.074141 2500.000000
 82.000000 0.798536 0.344834 4.040487 2500.000000
 83.000000 0.744051 0.158528 4.004638 2500.000000
 84.000000 0.750908 0.077404 3.969327 2500.000000
 85.000000 0.777729 0.035555 3.934683 2500.000000
 86.000000 0.790408 0.975262 3.906259 2500.000000
 87.000000 0.753017 0.525074 3.876963 2500.000000
 88.000000 0.783635 1.030706 3.849463 2500.000000
 89.000000 0.771416 0.967508 3.823021 2500.000000
 90.000000 0.750249 0.471046 3.796423 2500.000000
 91.000000 0.770085 1.527474 3.774615 2500.000000
 92.000000 0.745033 1.327974 3.752193 2500.000000
 93.000000 0.761386 1.554205 3.731702 2500.000000
 94.000000 0.781263 1.325466 3.711402 2500.000000
 95.000000 0.786819 1.187870 3.689932 2500.000000
 96.000000 0.721146 1.094294 3.671718 2500.000000
 97.000000 0.715227 1.105445 3.648728 2500.000000
 98.000000 0.717621 1.101597 3.627198 2500.000000
 99.000000 0.742253 1.349032 3.607083 2500.000000
 100.000000 0.744770 1.420279 3.592519 2500.000000
 101.000000 0.736708 2.018032 3.574290 2500.000000
 102.000000 0.739484 2.116233 3.564584 2500.000000
 103.000000 0.667083 0.155564 3.542707 2500.000000
 104.000000 0.763919 2.568681 3.529434 2500.000000
 105.000000 0.726557 1.672579 3.519427 2500.000000
 106.000000 0.685597 0.724370 3.499389 2500.000000
 107.000000 0.677233 0.407342 3.484687 2500.000000
 108.000000 0.699392 1.391939 3.464173 2500.000000
 109.000000 0.693978 1.120160 3.444432 2500.000000
 110.000000 0.633656 0.000000 3.422666 2500.000000
 111.000000 0.670091 0.411555 3.403007 2500.000000
 112.000000 0.693283 1.097340 3.386831 2500.000000
 113.000000 0.704406 1.638094 3.369024 2500.000000
 114.000000 0.741422 2.823774 3.364876 2500.000000
 115.000000 0.812845 1.544025 3.356610 2500.000000
 116.000000 0.715273 2.118863 3.351866 2500.000000
 117.000000 0.721745 2.362169 3.336207 2500.000000
 118.000000 0.792405 2.476217 3.332061 2500.000000
 119.000000 0.808160 2.374186 3.327631 2500.000000
 120.000000 0.749618 2.854268 3.323603 2500.000000
 121.000000 0.774961 3.005149 3.323134 2500.000000
 122.000000 0.791654 2.568336 3.326967 2500.000000
 123.000000 0.768649 3.197955 3.322720 2500.000000
 124.000000 0.791044 2.581589 3.324277 2500.000000
 125.000000 0.756639 3.524037 3.323495 2500.000000
 126.000000 0.762614 4.050426 3.334466 2500.000000
 127.000000 0.771325 3.651949 3.346936 2500.000000
 128.000000 0.835174 2.954505 3.345335 2500.000000
 129.000000 0.815106 2.436948 3.340822 2500.000000
 130.000000 0.865096 4.760433 3.352575 2500.000000
 131.000000 0.778091 3.306833 3.355363 2500.000000
 132.000000 0.773222 3.555661 3.355654 2500.000000
 133.000000 0.777710 3.325815 3.361376 2500.000000
 134.000000 0.760308 4.131798 3.365906 2500.000000
 135.000000 0.794946 2.617458 3.366676 2500.000000
 136.000000 0.799498 3.259523 3.369801 2500.000000
 137.000000 0.777474 3.862887 3.376729 2500.000000
 138.000000 0.779926 3.798498 3.391579 2500.000000
 139.000000 0.761700 4.277589 3.400188 2500.000000
 140.000000 0.810018 3.002683 3.407453 2500.000000
 141.000000 0.792971 3.955802 3.414270 2500.000000
 142.000000 0.777064 4.064452 3.426691 2500.000000
 143.000000 0.773993 4.106779 3.434891 2500.000000
 144.000000 0.780708 4.030512 3.448946 2500.000000
 145.000000 0.775006 4.092420 3.459021 2500.000000
 146.000000 0.793276 4.390833 3.476490 2500.000000
 147.000000 0.775253 4.752539 3.496753 2500.000000
 148.000000 0.813454 3.780471 3.511963 2500.000000
 149.000000 0.805255 4.037620 3.517709 2500.000000
 150.000000 0.801270 4.163518 3.529403 2500.000000
 151.000000 0.827762 3.786952 3.538989 2500.000000
 152.000000 0.773085 5.025000 3.553949 2500.000000
 153.000000 0.787783 5.052069 3.579757 2500.000000
 154.000000 0.813370 4.331591 3.592399 2500.000000
 155.000000 0.829776 3.755140 3.599825 2500.000000
 156.000000 0.777042 5.062354 3.622100 2500.000000
 157.000000 0.810752 4.888470 3.645570 2500.000000
 158.000000 0.882768 6.497411 3.667528 2500.000000
 159.000000 0.822357 4.581511 3.704066 2500.000000
 160.000000 0.830496 4.434933 3.718952 2500.000000
 161.000000 0.828668 5.094542 3.746930 2500.000000
 162.000000 0.721372 2.792868 3.766269 2500.000000
 163.000000 0.828712 5.094038 3.781417 2500.000000
 164.000000 0.817674 5.226832 3.807096 2500.000000
 165.000000 0.800203 5.287720 3.834117 2500.000000
 166.000000 0.771676 5.249252 3.857157 2500.000000
 167.000000 0.733043 3.656313 3.876687 2500.000000
 168.000000 0.748922 4.646490 3.881476 2500.000000
 169.000000 0.826894 5.358354 3.909872 2500.000000
 170.000000 0.795808 5.840319 3.941912 2500.000000
 171.000000 0.813240 6.124003 3.991755 2500.000000
 172.000000 0.792404 6.330054 4.023463 2500.000000
 173.000000 0.705575 1.788645 4.030530 2500.000000
 174.000000 0.669058 0.409600 4.016999 2500.000000
 175.000000 0.736257 3.898007 4.006653 2500.000000
 176.000000 0.794569 6.385563 4.037317 2500.000000
 177.000000 0.859616 5.496460 4.074727 2500.000000
 178.000000 0.849683 5.224779 4.100983 2500.000000
 179.000000 0.859744 5.500806 4.124419 2500.000000
 180.000000 0.842689 5.162144 4.151995 2500.000000
 181.000000 0.743418 5.016390 4.191264 2500.000000
 182.000000 0.723930 3.534428 4.181857 2500.000000
 183.000000 0.832526 5.846027 4.215407 2500.000000
 184.000000 0.799791 6.484659 4.252036 2500.000000
 185.000000 0.789105 6.274568 4.294559 2500.000000
 186.000000 0.851903 5.811071 4.337183 2500.000000
 187.000000 0.834456 5.857738 4.368907 2500.000000
 188.000000 0.833541 5.874644 4.401391 2500.000000
 189.000000 0.843263 5.771565 4.436361 2500.000000
 190.000000 0.814058 6.550125 4.482229 2500.000000
 191.000000 0.848703 5.899379 4.523393 2500.000000
 192.000000 0.796594 7.306756 4.583799 2500.000000
 193.000000 0.790979 7.128270 4.653284 2500.000000
 194.000000 0.866629 6.060074 4.705092 2500.000000
 195.000000 0.822548 6.677273 4.740823 2500.000000
 196.000000 0.850989 6.082792 4.811463 2500.000000
 197.000000 0.870575 6.177447 4.860878 2500.000000
 198.000000 0.843734 6.235567 4.920145 2500.000000
 199.000000 0.862773 6.063631 4.965039 2500.000000
 200.000000 0.811785 7.598502 5.021913 2500.000000
 201.000000 0.833159 6.920051 5.108954 2500.000000
 202.000000 0.860371 6.071150 5.149114 2500.000000
 203.000000 0.839174 6.575224 5.182889 2500.000000
 204.000000 0.848509 6.207078 5.220368 2500.000000
 205.000000 0.898818 7.400083 5.266334 2500.000000
 206.000000 0.853482 6.148199 5.317028 2500.000000
 207.000000 0.821333 7.663120 5.382829 2500.000000
 208.000000 0.746075 5.191578 5.454530 2500.000000
 209.000000 0.759153 5.639350 5.459456 2500.000000
 210.000000 0.771942 6.176903 5.507200 3000.000000
 211.000000 0.746162 5.430196 5.529936 3000.000000
 212.000000 0.689797 0.992119 5.531521 3000.000000
 213.000000 0.698680 1.516977 5.512349 3000.000000
 214.000000 0.672308 0.428807 5.494390 3000.000000
 215.000000 0.658911 0.518389 5.474456 3000.000000
 216.000000 0.765615 6.376515 5.470545 3000.000000
 217.000000 0.712461 2.558939 5.518534 3000.000000
 218.000000 0.684705 0.752899 5.499465 3000.000000
 219.000000 0.674890 0.463591 5.480282 3000.000000
 220.000000 0.676269 0.488696 5.471853 3000.000000
 221.000000 0.668732 0.411795 5.452781 3000.000000
 222.000000 0.706551 2.079329 5.434746 3000.000000
 223.000000 0.635952 0.997326 5.418514 3000.000000
 224.000000 0.712376 3.329952 5.401420 3000.000000
 225.000000 0.674561 0.684264 5.389768 3000.000000
 226.000000 0.623929 0.888461 5.372055 3000.000000
 227.000000 0.615769 0.670372 5.353497 3000.000000
 228.000000 0.643850 0.892572 5.335927 3000.000000
 229.000000 0.629284 1.677824 5.321533 3000.000000
 230.000000 0.660021 1.210366 5.305825 3000.000000
 231.000000 0.643144 1.820306 5.290467 3000.000000
 232.000000 0.663262 1.094556 5.274654 3000.000000
 233.000000 0.613273 0.879115 5.259427 3000.000000
 234.000000 0.668886 0.967391 5.244726 3000.000000
 235.000000 0.714322 3.542892 5.233717 3000.000000
 236.000000 0.699380 2.629910 5.223596 3000.000000
 237.000000 0.669929 1.862834 5.211600 3000.000000
 238.000000 0.722791 4.122208 5.205654 3000.000000
 239.000000 0.665802 1.921134 5.195761 3000.000000
 240.000000 0.642816 2.213940 5.183468 3000.000000
 241.000000 0.694818 2.411973 5.174088 3000.000000
 242.000000 0.611027 1.005415 5.162531 3000.000000
 243.000000 0.578927 0.033239 5.146109 3000.000000
 244.000000 0.622482 1.911480 5.131271 3000.000000
 245.000000 0.604174 0.593954 5.116747 3000.000000
 246.000000 0.609861 0.926279 5.101319 3000.000000
 247.000000 0.633698 3.166826 5.092796 3000.000000
 248.000000 0.625682 2.838392 5.086868 3000.000000
 249.000000 0.628422 2.973384 5.075744 3000.000000
 250.000000 0.572930 0.177419 5.063496 3000.000000
 251.000000 0.709014 3.209365 5.054066 3000.000000
 252.000000 0.586645 0.558554 5.044809 3000.000000
 253.000000 0.619559 2.722507 5.032973 3000.000000
 254.000000 0.632652 3.203520 5.027146 3000.000000
 255.000000 0.703438 2.873319 5.019354 3000.000000
 256.000000 0.648710 3.129253 5.010967 3000.000000
 257.000000 0.636412 3.272280 5.003939 3000.000000
 258.000000 0.612795 2.435574 4.995026 3000.000000
 259.000000 0.699376 2.644387 4.987548 3000.000000
 260.000000 0.683491 2.048405 4.979489 3000.000000
 261.000000 0.705157 2.973560 4.976759 3000.000000
 262.000000 0.674815 2.071095 4.968881 3000.000000
 263.000000 0.657387 2.820806 4.960967 3000.000000
 264.000000 0.648363 3.301757 4.952586 3000.000000
 265.000000 0.696720 2.544202 4.946307 3000.000000
 266.000000 0.663493 3.027892 4.941156 3000.000000
 267.000000 0.693458 2.406763 4.934283 3000.000000
 268.000000 0.652054 3.823015 4.929881 3000.000000
 269.000000 0.674461 2.384729 4.921850 3000.000000
 270.000000 0.725892 4.351753 4.915328 3000.000000
 271.000000 0.652166 3.816328 4.914280 3000.000000
 272.000000 0.669044 2.670665 4.907918 3000.000000
 273.000000 0.707104 3.517867 4.903341 3000.000000
 274.000000 0.660240 3.266836 4.900032 3000.000000
 275.000000 0.679874 2.277741 4.898958 3000.000000
 276.000000 0.662321 3.116426 4.891527 3000.000000
 277.000000 0.709469 3.751232 4.889782 3000.000000
 278.000000 0.573977 1.090932 4.886111 3000.000000
 279.000000 0.608071 3.126937 4.875031 3000.000000
 280.000000 0.682489 2.705309 4.875363 3000.000000
 281.000000 0.680599 2.751301 4.868713 3000.000000
 282.000000 0.704283 3.378528 4.864084 3000.000000
 283.000000 0.570912 0.925472 4.860471 3000.000000
 284.000000 0.608839 3.171516 4.849427 3000.000000
 285.000000 0.679076 3.123724 4.849626 3000.000000
 286.000000 0.655019 4.352848 4.846791 3000.000000
 287.000000 0.565487 0.668867 4.843488 3000.000000
 288.000000 0.579750 1.423879 4.832942 3000.000000
 289.000000 0.677692 3.150350 4.831449 3000.000000
 290.000000 0.682279 3.098679 4.827908 3000.000000
 291.000000 0.675889 3.200929 4.823621 3000.000000
 292.000000 0.689895 3.252938 4.819475 3000.000000
 293.000000 0.685048 3.119604 4.817876 3000.000000
 294.000000 0.678764 3.127735 4.815267 3000.000000
 295.000000 0.661635 4.477038 4.815585 3000.000000
 296.000000 0.624695 4.165774 4.821062 3000.000000
 297.000000 0.645384 4.846393 4.822082 3000.000000
 298.000000 0.605111 3.342973 4.824960 3000.000000
 299.000000 0.681955 3.820365 4.826005 3000.000000
 300.000000 0.555356 0.725091 4.825882 3000.000000
 301.000000 0.649555 4.829049 4.820294 3000.000000
 302.000000 0.684035 3.812628 4.820806 3000.000000
 303.000000 0.708859 4.635862 4.827825 3000.000000
 304.000000 0.627537 4.302315 4.828547 3000.000000
 305.000000 0.690863 3.900589 4.834062 3000.000000
 306.000000 0.674584 3.961939 4.835611 3000.000000
 307.000000 0.694519 4.415031 4.840436 3000.000000
 308.000000 0.678406 4.525532 4.845987 3000.000000
 309.000000 0.634823 4.709203 4.851595 3000.000000
 310.000000 0.680545 4.478112 4.858198 3000.000000
 311.000000 0.708571 4.780564 4.867773 3000.000000
 312.000000 0.618703 3.900240 4.873935 3000.000000
 313.000000 0.660581 5.121701 4.880275 3000.000000
 314.000000 0.632475 5.130248 4.891498 3000.000000
 315.000000 0.686596 4.391219 4.898055 3000.000000
 316.000000 0.589059 3.220137 4.902602 3000.000000
 317.000000 0.625756 4.888771 4.901454 3000.000000
 318.000000 0.617008 4.496615 4.909737 3000.000000
 319.000000 0.689322 4.381282 4.919158 3000.000000
 320.000000 0.705578 4.678330 4.922259 3000.000000
 321.000000 0.653457 5.411538 4.927097 3000.000000
 322.000000 0.571957 2.536334 4.934569 3000.000000
 323.000000 0.620674 5.294475 4.930526 3000.000000
 324.000000 0.686872 4.390751 4.936760 3000.000000
 325.000000 0.669773 5.278554 4.948531 3000.000000
 326.000000 0.684933 5.048621 4.956561 3000.000000
 327.000000 0.667107 5.329729 4.965104 3000.000000
 328.000000 0.650098 5.618098 4.978732 3000.000000
 329.000000 0.693485 5.012511 4.988429 3000.000000
 330.000000 0.597774 3.989393 4.999749 3000.000000
 331.000000 0.640563 5.748455 4.999557 3000.000000
 332.000000 0.640971 5.745448 5.011039 3000.000000
 333.000000 0.641595 5.740538 5.025781 3000.000000
 334.000000 0.664157 5.388029 5.039177 3000.000000
 335.000000 0.648589 5.661930 5.051993 3000.000000
 336.000000 0.582867 3.621615 5.062315 3000.000000
 337.000000 0.610126 5.593713 5.065210 3000.000000
 338.000000 0.601476 5.336262 5.076927 3000.000000
 339.000000 0.633327 5.797122 5.091084 3000.000000
 340.000000 0.657781 5.509356 5.103610 3000.000000
 341.000000 0.632792 5.798765 5.116620 3000.000000
 342.000000 0.645551 5.706191 5.128292 3000.000000
 343.000000 0.690929 5.057484 5.144996 3000.000000
 344.000000 0.679173 5.255150 5.156316 3000.000000
 345.000000 0.571947 3.426305 5.166561 3000.000000
 346.000000 0.567558 3.042677 5.168157 3000.000000
 347.000000 0.676833 5.319098 5.181352 3000.000000
 348.000000 0.625586 6.137867 5.192691 3000.000000
 349.000000 0.694942 5.043495 5.211008 3000.000000
 350.000000 0.655646 6.219581 5.226903 3000.000000
 351.000000 0.652883 6.336786 5.241919 3000.000000
 352.000000 0.682053 5.196746 5.260025 3000.000000
 353.000000 0.691487 5.056200 5.268037 3000.000000
 354.000000 0.682121 5.195201 5.274820 3000.000000
 355.000000 0.650021 6.614288 5.295166 3000.000000
 356.000000 0.626696 6.711727 5.320850 3000.000000
 357.000000 0.627198 6.721815 5.345309 3000.000000
 358.000000 0.674378 5.973315 5.365953 3000.000000
 359.000000 0.671042 6.055469 5.385886 3000.000000
 360.000000 0.684468 5.734970 5.404321 3000.000000
 361.000000 0.620273 6.541895 5.427902 3000.000000
 362.000000 0.563069 2.654119 5.440744 3000.000000
 363.000000 0.551984 1.745461 5.431391 3000.000000
 364.000000 0.676875 6.435755 5.449782 3000.000000
 365.000000 0.685380 6.277132 5.464344 3000.000000
 366.000000 0.603352 5.754042 5.485512 3000.000000
 367.000000 0.664830 6.569670 5.513595 3000.000000
 368.000000 0.666784 6.550899 5.532167 3000.000000
 369.000000 0.673652 6.477127 5.552648 3000.000000
 370.000000 0.654569 6.700095 5.575413 3000.000000
 371.000000 0.661310 6.608948 5.603154 3000.000000
 372.000000 0.672180 6.494216 5.622823 3000.000000
 373.000000 0.657911 7.056348 5.653276 3000.000000
 374.000000 0.682007 6.812747 5.681691 3000.000000
 375.000000 0.639834 7.084369 5.711506 3000.000000
 376.000000 0.697791 6.162061 5.736249 3000.000000
 377.000000 0.758114 6.746477 5.754726 3000.000000
 378.000000 0.690422 6.491615 5.768735 3000.000000
 379.000000 0.659287 7.212899 5.800488 3000.000000
 380.000000 0.653504 7.150727 5.830921 3000.000000
 381.000000 0.661687 7.244891 5.863996 3000.000000
 382.000000 0.682145 7.287383 5.897029 3000.000000
 383.000000 0.694987 6.797159 5.921526 3000.000000
 384.000000 0.645353 7.112776 5.949375 3000.000000
 385.000000 0.616320 7.030316 5.973920 3000.000000
 386.000000 0.665876 7.591603 6.009615 3000.000000
 387.000000 0.666895 7.589097 6.047114 3000.000000
 388.000000 0.670133 7.574265 6.085258 3000.000000
 389.000000 0.614672 6.961558 6.120467 3000.000000
 390.000000 0.604726 6.455750 6.136033 3000.000000
 391.000000 0.707346 6.165196 6.169349 3000.000000
 392.000000 0.662538 7.603405 6.191501 3000.000000
 393.000000 0.665450 7.596389 6.229674 3000.000000
 394.000000 0.644986 7.671213 6.267901 3000.000000
 395.000000 0.714757 5.890039 6.298290 3000.000000
 396.000000 0.629027 7.669293 6.325530 3000.000000
 397.000000 0.684430 7.312517 6.368765 3000.000000
 398.000000 0.658162 7.773178 6.397558 3000.000000
 399.000000 0.659213 7.758742 6.439008 3000.000000
 400.000000 0.673447 7.587613 6.476721 3000.000000
 401.000000 0.602345 7.018300 6.509938 3500.000000
 402.000000 0.565232 3.012973 6.502974 3500.000000
 403.000000 0.607595 7.397559 6.520477 3500.000000
 404.000000 0.573974 3.985466 6.541695 3500.000000
 405.000000 0.571629 3.713301 6.538823 3500.000000
 406.000000 0.581729 4.899972 6.552913 3500.000000
 407.000000 0.622156 8.113144 6.571806 3500.000000
 408.000000 0.638102 8.122709 6.619802 3500.000000
 409.000000 0.596357 6.959731 6.664629 3500.000000
 410.000000 0.589272 6.331329 6.664847 3500.000000
 411.000000 0.665597 7.684398 6.705046 3500.000000
 412.000000 0.601072 7.297219 6.745411 3500.000000
 413.000000 0.585488 5.937932 6.756282 3500.000000
 414.000000 0.583315 6.243759 6.784876 3500.000000
 415.000000 0.652643 7.865293 6.821350 3500.000000
 416.000000 0.624149 8.224651 6.859071 3500.000000
 417.000000 0.564408 3.664032 6.862683 3500.000000
 418.000000 0.680309 7.446613 6.883916 3500.000000
 419.000000 0.660607 7.740640 6.917799 3500.000000
 420.000000 0.614433 8.126342 6.958589 3500.000000
 421.000000 0.700664 6.506326 6.998741 3500.000000
 422.000000 0.676407 7.539118 7.020494 3500.000000
 423.000000 0.679315 7.473259 7.052401 3500.000000
 424.000000 0.690957 7.030178 7.080390 3500.000000
 425.000000 0.729548 5.865763 7.094518 3500.000000
 426.000000 0.675902 7.549166 7.107507 3500.000000
 427.000000 0.704250 6.315099 7.123155 3500.000000
 428.000000 0.721577 6.156324 7.135438 3500.000000
 429.000000 0.714399 6.368153 7.148151 3500.000000
 430.000000 0.712502 6.447657 7.170776 3500.000000
 431.000000 0.688007 7.550608 7.186541 3500.000000
 432.000000 0.735955 6.182296 7.213494 3500.000000
 433.000000 0.674655 7.750996 7.235659 3500.000000
 434.000000 0.632074 8.504495 7.280595 3500.000000
 435.000000 0.671381 7.824265 7.320805 3500.000000
 436.000000 0.733439 6.141083 7.343385 3500.000000
 437.000000 0.716099 6.302820 7.355004 3500.000000
 438.000000 0.668585 7.850844 7.371207 3500.000000
 439.000000 0.686777 7.595142 7.407272 3500.000000
 440.000000 0.686659 7.598312 7.441539 3500.000000
 441.000000 0.707186 6.697873 7.458717 3500.000000
 442.000000 0.649605 8.332272 7.491171 3500.000000
 443.000000 0.674868 7.931730 7.529689 4000.000000
 444.000000 0.605764 8.484668 7.577586 4000.000000
 445.000000 0.595762 7.764569 7.581233 4000.000000
 446.000000 0.679259 7.937121 7.624535 4000.000000
 447.000000 0.726491 6.423117 7.649186 4000.000000
 448.000000 0.637648 8.785839 7.686763 4000.000000
 449.000000 0.629104 9.360090 7.750453 4000.000000
 450.000000 0.658231 8.301032 7.803787 4000.000000
 451.000000 0.720357 6.592960 7.836556 4000.000000
 452.000000 0.673275 8.013463 7.862988 4000.000000
 453.000000 0.669472 8.045233 7.901350 4000.000000
 454.000000 0.633760 9.300795 7.964686 4000.000000
 455.000000 0.621277 9.293027 8.029757 4000.000000
 456.000000 0.709201 7.107339 8.067160 4000.000000
 457.000000 0.721337 6.966827 8.088144 4000.000000
 458.000000 0.684728 8.175610 8.113464 4000.000000
 459.000000 0.662899 8.193771 8.157504 4000.000000
 460.000000 0.650655 8.633493 8.197570 4000.000000
 461.000000 0.651774 8.581803 8.262467 4000.000000
 462.000000 0.628291 9.362855 8.328578 4000.000000
 463.000000 0.611238 8.918900 8.391260 4000.000000
 464.000000 0.696197 8.089986 8.441788 4000.000000
 465.000000 0.676075 8.390794 8.486728 4000.000000
 466.000000 0.699377 8.446091 8.527951 4500.000000
 467.000000 0.684398 8.547843 8.571880 4500.000000
 468.000000 0.698115 8.485495 8.612336 4500.000000
 469.000000 0.688666 8.973796 8.663851 4500.000000
 470.000000 0.681668 8.807306 8.716493 4500.000000
 471.000000 0.627729 9.365507 8.771970 4500.000000
 472.000000 0.638264 9.191401 8.843220 4500.000000
 473.000000 0.679904 8.752139 8.896446 4500.000000
 474.000000 0.674808 8.584737 8.947252 4500.000000
 475.000000 0.637254 9.222898 8.994582 4500.000000
 476.000000 0.665598 8.400202 9.053259 4500.000000
 477.000000 0.658600 8.444724 9.097570 4500.000000
 478.000000 0.673339 8.867936 9.152494 4500.000000
 479.000000 0.662886 8.814853 9.210498 4500.000000
 480.000000 0.621921 9.386315 9.279488 4500.000000
 481.000000 0.672932 8.861564 9.333387 4500.000000
 482.000000 0.572625 4.885575 9.381169 4500.000000
 483.000000 0.561249 3.246874 9.369196 4500.000000
 484.000000 0.540666 1.120895 9.357835 4500.000000
 485.000000 0.683631 9.060459 9.388093 4500.000000
 486.000000 0.648421 9.163282 9.448728 4500.000000
 487.000000 0.611590 9.038013 9.516501 5000.000000
 488.000000 0.660212 9.181661 9.585569 5000.000000
 489.000000 0.660339 9.178493 9.661831 5000.000000
 490.000000 0.655212 9.328866 9.722230 5000.000000
 491.000000 0.721493 7.379885 9.763080 5000.000000
 492.000000 0.667182 9.391029 9.818245 5000.000000
 493.000000 0.550397 1.958586 9.844603 5000.000000
 494.000000 0.561285 3.251637 9.829228 5000.000000
 495.000000 0.580541 6.034988 9.849219 5000.000000
 496.000000 0.559522 3.019071 9.835467 5000.000000
 497.000000 0.629781 9.944358 9.867338 5000.000000
 498.000000 0.669767 9.348523 9.941154 5000.000000
 499.000000 0.707347 8.495128 9.987357 5000.000000
 500.000000 0.696901 9.078337 10.032610 5000.000000
 501.000000 0.631749 9.994186 10.111743 5000.000000
 502.000000 0.598761 8.108463 10.138309 5000.000000
 503.000000 0.648263 9.958127 10.214537 5000.000000
 504.000000 0.685519 9.624737 10.290069 5000.000000
 505.000000 0.720309 7.669427 10.354387 5000.000000
 506.000000 0.732646 6.868286 10.369528 5000.000000
 507.000000 0.700508 9.316446 10.405839 5000.000000
 508.000000 0.699711 9.358927 10.444521 5000.000000
 509.000000 0.725266 7.278651 10.490287 5000.000000
 510.000000 0.728300 7.081137 10.510820 5500.000000
 511.000000 0.774795 7.437666 10.526963 5500.000000
 512.000000 0.736187 7.206073 10.545616 5500.000000
 513.000000 0.750609 6.955202 10.559403 5500.000000
 514.000000 0.770283 7.262386 10.578023 5500.000000
 515.000000 0.705266 9.261004 10.601904 5500.000000
 516.000000 0.707461 9.122752 10.649738 5500.000000
 517.000000 0.682514 9.637809 10.716847 5500.000000
 518.000000 0.685133 10.048417 10.793071 5500.000000
 519.000000 0.640611 10.117322 10.871901 5500.000000
 520.000000 0.677293 9.930332 10.955263 5500.000000
 521.000000 0.728789 7.570719 11.029813 5500.000000
 522.000000 0.671208 9.840275 11.061587 5500.000000
 523.000000 0.669305 9.822660 11.142856 5500.000000
 524.000000 0.746566 6.984704 11.196490 5500.000000
 525.000000 0.724999 7.821655 11.217649 5500.000000
 526.000000 0.709276 9.150655 11.240511 5500.000000
 527.000000 0.711310 8.978326 11.264608 5500.000000
 528.000000 0.732994 7.348773 11.303350 5500.000000
 529.000000 0.730262 7.960158 11.338291 5500.000000
 530.000000 0.703509 9.742392 11.374579 5500.000000
 531.000000 0.681168 10.014447 11.433735 5500.000000
 532.000000 0.685030 10.074443 11.513626 6000.000000
 533.000000 0.688392 10.103816 11.591104 6000.000000
 534.000000 0.723897 8.333236 11.624088 6000.000000
 535.000000 0.698558 9.961097 11.689521 6000.000000
 536.000000 0.674556 9.892285 11.740277 6000.000000
 537.000000 0.573120 4.958601 11.784774 6000.000000
 538.000000 0.560790 3.185558 11.776143 6000.000000
 539.000000 0.604991 8.616343 11.770030 6000.000000
 540.000000 0.639125 10.115421 11.847717 6000.000000
 541.000000 0.648583 10.365154 11.942092 6000.000000
 542.000000 0.730440 7.950943 11.998242 6000.000000
 543.000000 0.701611 9.840590 12.037491 6000.000000
 544.000000 0.681310 10.056286 12.114198 6000.000000
 545.000000 0.747484 7.344232 12.154345 6000.000000
 546.000000 0.760240 7.201991 12.171210 6000.000000
 547.000000 0.773329 7.440421 12.183020 6000.000000
 548.000000 0.716620 8.848168 12.199903 6000.000000
 549.000000 0.729241 8.014130 12.254135 6000.000000
 550.000000 0.679506 10.030469 12.300183 6000.000000
 551.000000 0.657584 10.113590 12.383824 6000.000000
 552.000000 0.686740 10.115085 12.464448 6000.000000
 553.000000 0.657196 10.247475 12.554879 6500.000000
 554.000000 0.703284 10.014072 12.636938 6500.000000
 555.000000 0.753650 7.236769 12.687004 6500.000000
 556.000000 0.735122 7.752205 12.697831 6500.000000
 557.000000 0.731616 7.922415 12.724334 6500.000000
 558.000000 0.718503 8.813532 12.738444 6500.000000
 559.000000 0.729897 8.014691 12.775333 6500.000000
 560.000000 0.744227 7.776893 12.791183 6500.000000
 561.000000 0.767450 7.357515 12.807156 6500.000000
 562.000000 0.739093 7.994773 12.821159 6500.000000
 563.000000 0.740565 7.928344 12.838380 6500.000000
 564.000000 0.727492 8.602814 12.856272 6500.000000
 565.000000 0.728104 8.566283 12.878511 6500.000000
 566.000000 0.711059 9.723015 12.915638 6500.000000
 567.000000 0.710993 9.727545 12.957385 6500.000000
 568.000000 0.717308 9.277540 13.030327 6500.000000
 569.000000 0.714203 9.500573 13.076138 6500.000000
 570.000000 0.730653 8.421369 13.107501 6500.000000
 571.000000 0.745911 7.710102 13.141944 6500.000000
 572.000000 0.704766 10.119062 13.173943 6500.000000
 573.000000 0.712844 9.932860 13.230103 6500.000000
 574.000000 0.704093 10.518870 13.267933 6500.000000
 575.000000 0.682340 10.644505 13.358410 6500.000000
 576.000000 0.754487 7.454014 13.396162 6500.000000
 577.000000 0.724683 8.997551 13.422050 6500.000000
 578.000000 0.723923 9.053565 13.459622 6500.000000
 579.000000 0.702860 10.581304 13.553433 7000.000000
 580.000000 0.715711 9.703557 13.653070 7000.000000
 581.000000 0.712762 9.939174 13.731402 7000.000000
 582.000000 0.651706 10.370108 13.820510 7000.000000
 583.000000 0.665211 10.223438 13.903633 7000.000000
 584.000000 0.663288 10.219145 13.995250 7000.000000
 585.000000 0.661601 10.223165 14.076870 7000.000000
 586.000000 0.667010 10.238960 14.157123 7000.000000
 587.000000 0.692330 10.830126 14.245534 7000.000000
 588.000000 0.635900 10.462069 14.341319 7000.000000
 589.000000 0.556511 2.640635 14.345419 7000.000000
 590.000000 0.586409 6.833078 14.329324 7000.000000
 591.000000 0.642774 10.832380 14.393815 7000.000000
 592.000000 0.653015 10.586127 14.486307 7000.000000
 593.000000 0.668178 10.348654 14.569771 7500.000000
 594.000000 0.664618 10.345960 14.652646 7500.000000
 595.000000 0.634069 10.770985 14.747561 7500.000000
 596.000000 0.607268 9.009685 14.829322 7500.000000
 597.000000 0.557135 2.716629 14.839898 7500.000000
 598.000000 0.574379 5.151104 14.830976 7500.000000
 599.000000 0.570073 4.509540 14.825765 7500.000000
 600.000000 0.607456 9.026184 14.831826 7500.000000
 601.000000 0.615017 10.041321 14.929776 7500.000000
 602.000000 0.673579 10.427779 15.018998 7500.000000
 603.000000 0.624204 10.613951 15.112724 7500.000000
 604.000000 0.595861 8.264827 15.176736 7500.000000
 605.000000 0.665189 10.349529 15.235867 7500.000000
 606.000000 0.628956 10.814059 15.324916 7500.000000
 607.000000 0.640364 10.952589 15.425144 7500.000000
 608.000000 0.633209 10.921872 15.493150 7500.000000
 609.000000 0.563762 3.631295 15.532668 8000.000000
 610.000000 0.609392 9.598119 15.529040 8000.000000
 611.000000 0.621040 10.442141 15.612189 8000.000000
 612.000000 0.583673 6.675865 15.653916 8000.000000
 613.000000 0.597398 8.436994 15.650927 8000.000000
 614.000000 0.660013 10.416923 15.727174 8000.000000
 615.000000 0.693695 10.832916 15.794931 8000.000000
 616.000000 0.719829 9.372942 15.882156 8000.000000
 617.000000 0.746042 7.748286 15.896301 8000.000000
 618.000000 0.709292 10.196412 15.930720 8000.000000
 619.000000 0.732231 8.476788 15.964786 8000.000000
 620.000000 0.657026 10.490857 16.019062 8000.000000
 621.000000 0.708313 10.264481 16.101326 8000.000000
 622.000000 0.686267 10.767126 16.150605 8000.000000
 623.000000 0.738519 8.108660 16.218519 8000.000000
 624.000000 0.727479 8.793893 16.230559 8000.000000
 625.000000 0.737214 8.548121 16.248339 8000.000000
 626.000000 0.732762 8.843468 16.294452 8000.000000
 627.000000 0.696539 10.922864 16.351396 8000.000000
 628.000000 0.703652 10.746786 16.441621 8000.000000
 629.000000 0.717322 9.938469 16.501332 8500.000000
 630.000000 0.732075 8.890078 16.531967 8500.000000
 631.000000 0.756309 7.556814 16.565537 8500.000000
 632.000000 0.725865 9.323844 16.580272 8500.000000
 633.000000 0.742402 8.226871 16.608977 8500.000000
 634.000000 0.745764 8.032789 16.671207 8500.000000
 635.000000 0.720436 9.714137 16.684204 8500.000000
 636.000000 0.736480 8.595693 16.714913 8500.000000
 637.000000 0.723992 9.456247 16.758871 8500.000000
 638.000000 0.778513 7.670037 16.771843 8500.000000
 639.000000 0.764976 7.410795 16.778686 8500.000000
 640.000000 0.740204 8.358089 16.795661 8500.000000
 641.000000 0.710800 10.379903 16.836563 8500.000000
 642.000000 0.686084 10.811756 16.921249 8500.000000
 643.000000 0.772775 7.500078 16.959872 8500.000000
 644.000000 0.779442 7.706595 16.967180 8500.000000
 645.000000 0.718909 9.826180 17.022487 8500.000000
 646.000000 0.764052 7.413934 17.079234 8500.000000
 647.000000 0.717297 9.971180 17.103808 8500.000000
 648.000000 0.751721 8.126740 17.157326 8500.000000
 649.000000 0.742767 8.475218 17.169490 8500.000000
 650.000000 0.707800 10.563057 17.238334 8500.000000
 651.000000 0.743643 8.436564 17.277915 8500.000000
 652.000000 0.761233 7.913022 17.304049 8500.000000
 653.000000 0.715436 10.095801 17.327323 8500.000000
 654.000000 0.738249 8.688503 17.389215 8500.000000
 655.000000 0.650375 10.707849 17.442307 8500.000000
 656.000000 0.721104 9.713300 17.519336 9000.000000
 657.000000 0.728576 9.229252 17.555916 9000.000000
 658.000000 0.738058 8.698200 17.594608 9000.000000
 659.000000 0.724658 9.477907 17.627840 9000.000000
 660.000000 0.751596 8.130737 17.653858 9000.000000
 661.000000 0.660029 10.417985 17.703985 9000.000000
 662.000000 0.745896 8.340553 17.763702 9000.000000
 663.000000 0.715792 10.072116 17.798663 9000.000000
 664.000000 0.737647 8.719151 17.821541 9000.000000
 665.000000 0.692621 10.927261 17.859071 9000.000000
 666.000000 0.754137 8.054183 17.904618 9000.000000
 667.000000 0.761325 8.330153 17.919632 9000.000000
 668.000000 0.744086 8.810617 17.943896 9000.000000
 669.000000 0.768474 8.233867 17.961544 9000.000000
 670.000000 0.768733 8.232137 17.984395 9000.000000
 671.000000 0.766019 8.258144 17.998853 9000.000000
 672.000000 0.759139 8.374796 18.012845 9000.000000
 673.000000 0.767969 8.237582 18.031692 9000.000000
 674.000000 0.780453 8.272295 18.048198 9000.000000
 675.000000 0.770000 8.224728 18.063047 9000.000000
 676.000000 0.742806 8.853416 18.080822 9000.000000
 677.000000 0.743926 8.815900 18.107397 9000.000000
 678.000000 0.771482 8.220639 18.122457 9000.000000
 679.000000 0.742773 8.854508 18.136596 9000.000000
 680.000000 0.737929 9.025969 18.170600 9000.000000
 681.000000 0.722681 9.736963 18.196238 9000.000000
 682.000000 0.726318 9.540493 18.228015 9000.000000
 683.000000 0.774927 8.227618 18.270041 9000.000000
 684.000000 0.743817 8.819522 18.288920 9000.000000
 685.000000 0.732795 9.588871 18.330021 9000.000000
 686.000000 0.770913 8.386772 18.364674 9000.000000
 687.000000 0.703874 10.818298 18.412062 9000.000000
 688.000000 0.697894 10.946461 18.497122 9000.000000
 689.000000 0.688133 10.871665 18.551306 9500.000000
 690.000000 0.734260 9.539422 18.620283 9500.000000
 691.000000 0.691811 10.937916 18.664051 9500.000000
 692.000000 0.706124 10.740045 18.727723 9500.000000
 693.000000 0.690997 10.926657 18.816284 9500.000000
 694.000000 0.726068 9.832199 18.880535 9500.000000
 695.000000 0.776354 8.343289 18.913726 9500.000000
 696.000000 0.735933 9.485498 18.944926 9500.000000
 697.000000 0.742409 9.279055 18.976235 9500.000000
 698.000000 0.721724 10.016002 19.026602 9500.000000
 699.000000 0.711163 10.525172 19.079049 9500.000000
 700.000000 0.705087 10.777535 19.161395 9500.000000
 701.000000 0.721171 10.041062 19.200299 9500.000000
 702.000000 0.691913 10.939157 19.277716 9500.000000
 703.000000 0.705584 10.759931 19.348124 9500.000000
 704.000000 0.694529 11.251208 19.434936 9500.000000
 705.000000 0.681404 10.837198 19.527730 10000.000000
 706.000000 0.741386 9.379354 19.585956 10000.000000
 707.000000 0.696966 11.264283 19.678177 10000.000000
 708.000000 0.645249 10.866336 19.760028 10000.000000
 709.000000 0.721810 10.256892 19.829535 10000.000000
 710.000000 0.694479 11.250674 19.907495 10000.000000
 711.000000 0.739857 9.437618 19.972981 10000.000000
 712.000000 0.677800 10.685368 20.048259 10000.000000
 713.000000 0.692965 11.228600 20.135991 10000.000000
 714.000000 0.657435 10.497296 20.224657 10000.000000
 715.000000 0.642043 10.932378 20.303222 10000.000000
 716.000000 0.664312 10.398245 20.379569 10000.000000
 717.000000 0.689180 11.137942 20.461900 10000.000000
 718.000000 0.639696 10.960217 20.534859 10000.000000
 719.000000 0.645968 10.847837 20.605747 10000.000000
 720.000000 0.666661 10.403133 20.681617 10000.000000
 721.000000 0.713423 10.754943 20.763442 10000.000000
 722.000000 0.641434 11.100520 20.848552 10000.000000
 723.000000 0.725130 10.086932 20.930656 10000.000000
 724.000000 0.725163 10.085218 20.984724 10000.000000
 725.000000 0.752653 8.939635 21.018015 10000.000000
 726.000000 0.710406 10.922752 21.059618 10000.000000
 727.000000 0.683430 11.172446 21.144525 10000.000000
 728.000000 0.712760 10.792890 21.233887 10000.000000
 729.000000 0.718442 10.459433 21.292682 10000.000000
 730.000000 0.669281 10.780898 21.385436 10000.000000
 731.000000 0.729394 9.874396 21.473877 10000.000000
 732.000000 0.733428 9.696952 21.510366 10000.000000
 733.000000 0.737301 9.539157 21.537587 10000.000000
 734.000000 0.752689 8.938218 21.557943 10000.000000
 735.000000 0.715874 10.608890 21.585333 10000.000000
 736.000000 0.735469 9.612717 21.649693 10000.000000
 737.000000 0.713725 10.735994 21.679098 10000.000000
 738.000000 0.693456 11.381080 21.768783 10000.000000
 739.000000 0.657817 10.808628 21.850652 10000.000000
 740.000000 0.744781 9.250252 21.921864 10000.000000
 741.000000 0.721560 10.480466 21.986169 10000.000000
 742.000000 0.704995 11.231560 22.039123 10000.000000
 743.000000 0.682155 11.133530 22.121033 10000.000000
 744.000000 0.647178 11.033644 22.199569 10000.000000
 745.000000 0.595784 8.256096 22.265015 10000.000000
 746.000000 0.571187 4.752755 22.256488 10000.000000
 747.000000 0.596612 8.350577 22.246275 10000.000000
 748.000000 0.571335 4.775764 22.239155 10000.000000
 749.000000 0.645316 11.064108 22.261700 10000.000000
 750.000000 0.592394 7.853365 22.311550 10000.000000
 751.000000 0.557017 2.719070 22.295954 10000.000000
 752.000000 0.604964 9.209210 22.302691 10000.000000
 753.000000 0.556667 2.675577 22.298766 10000.000000
 754.000000 0.567614 4.202778 22.272029 10000.000000
 755.000000 0.619523 10.370886 22.320459 10000.000000
 756.000000 0.600716 8.792056 22.330022 10000.000000
 757.000000 0.561320 3.284642 22.347246 10000.000000
 758.000000 0.547822 1.711380 22.320367 10000.000000
 759.000000 0.605581 9.266350 22.304764 10000.000000
 760.000000 0.674126 10.881404 22.371168 10000.000000
 761.000000 0.659173 11.041619 22.455806 10000.000000
 762.000000 0.582483 6.501519 22.511872 10000.000000
 763.000000 0.635886 11.122302 22.545225 10000.000000
 764.000000 0.617386 10.232650 22.621103 10000.000000
 765.000000 0.603670 9.086242 22.664121 10000.000000
 766.000000 0.600558 8.775890 22.704081 10000.000000
 767.000000 0.560383 3.157093 22.699830 10000.000000
 768.000000 0.573953 5.187535 22.679048 10000.000000
 769.000000 0.628354 10.873877 22.708263 10000.000000
 770.000000 0.670323 11.127057 22.789761 10000.000000
 771.000000 0.598840 8.596017 22.856315 10000.000000
 772.000000 0.594686 8.128989 22.877265 10000.000000
 773.000000 0.568802 4.384571 22.876621 10000.000000
 774.000000 0.586694 7.105187 22.859096 10000.000000
 775.000000 0.534852 0.760748 22.838817 10000.000000
 776.000000 0.551191 2.047954 22.813790 10000.000000
 777.000000 0.592982 7.925470 22.815881 10000.000000
 778.000000 0.624938 10.705847 22.819819 10000.000000
 779.000000 0.640207 11.182551 22.893779 10000.000000
 780.000000 0.669986 11.120411 22.972991 10000.000000
 781.000000 0.644415 11.332468 23.065400 10000.000000
 782.000000 0.655755 11.321824 23.155941 10000.000000
 783.000000 0.676115 11.583998 23.257319 10000.000000
 784.000000 0.671478 11.478592 23.360844 10000.000000
 785.000000 0.600781 8.799557 23.438954 10000.000000
 786.000000 0.625648 10.772037 23.501026 10000.000000
 787.000000 0.659750 11.327878 23.587714 10000.000000
 788.000000 0.642092 11.314563 23.675904 10000.000000
 789.000000 0.674218 11.540662 23.766476 10000.000000
 790.000000 0.656343 11.321852 23.858340 10000.000000
 791.000000 0.643059 11.323437 23.953403 10000.000000
 792.000000 0.650843 11.334551 24.039219 10000.000000
 793.000000 0.672475 11.499790 24.129402 10000.000000
 794.000000 0.596301 8.315461 24.179038 10000.000000
 795.000000 0.668396 11.420389 24.228794 10000.000000
 796.000000 0.651106 11.333935 24.316545 10000.000000
 797.000000 0.650803 11.334642 24.407326 10000.000000
 798.000000 0.670469 11.457980 24.505287 10000.000000
 799.000000 0.688826 11.792504 24.596176 10000.000000
 800.000000 0.683490 11.740262 24.691259 10000.000000
 801.000000 0.703025 11.686998 24.757695 10000.000000
 802.000000 0.623935 10.677716 24.863219 10000.000000
 803.000000 0.622186 10.570714 24.876297 10000.000000
 804.000000 0.698987 11.877432 24.970348 10000.000000
 805.000000 0.666654 11.608812 25.078592 10000.000000
 806.000000 0.632397 11.094227 25.184853 10000.000000
 807.000000 0.667527 11.630133 25.278240 10000.000000
 808.000000 0.665947 11.592333 25.375162 10000.000000
 809.000000 0.677503 11.911053 25.495486 10000.000000
 810.000000 0.709582 11.298397 25.597295 10000.000000
 811.000000 0.731812 10.113003 25.690972 10000.000000
 812.000000 0.651015 11.416650 25.785878 10000.000000
 813.000000 0.675335 11.850399 25.880898 10000.000000
 814.000000 0.669318 11.675590 25.988321 10000.000000
 815.000000 0.698316 11.903742 26.100248 10000.000000
 816.000000 0.657217 11.452643 26.206140 10000.000000
 817.000000 0.653302 11.425703 26.315704 10000.000000
 818.000000 0.678827 11.945375 26.391144 10000.000000
 819.000000 0.688553 12.090138 26.511339 10000.000000
 820.000000 0.691531 12.072244 26.615948 10000.000000
 821.000000 0.665221 11.700451 26.740686 10000.000000
 822.000000 0.610952 9.740200 26.755670 10000.000000
 823.000000 0.610022 9.662576 26.834890 10000.000000
 824.000000 0.642976 11.378032 26.893469 10000.000000
 825.000000 0.643618 11.386796 26.967546 10000.000000
 826.000000 0.661342 11.598021 27.062497 10000.000000
 827.000000 0.661690 11.605938 27.159202 10000.000000
 828.000000 0.651257 11.456960 27.255817 10000.000000
 829.000000 0.707255 11.663363 27.367330 10000.000000
 830.000000 0.658480 11.540552 27.463069 10000.000000
 831.000000 0.691649 12.369062 27.579727 10000.000000
 832.000000 0.719194 10.807792 27.705815 10000.000000
 833.000000 0.744604 9.665132 27.772358 10000.000000
 834.000000 0.692766 12.352581 27.866466 10000.000000
 835.000000 0.642375 11.369185 27.960892 10000.000000
 836.000000 0.682084 12.289098 28.084088 10000.000000
 837.000000 0.659427 11.558468 28.166621 10000.000000
 838.000000 0.656942 11.517086 28.264316 10000.000000
 839.000000 0.660683 11.583645 28.341572 10000.000000
 840.000000 0.673364 11.988698 28.468097 10000.000000
 841.000000 0.671581 12.219787 28.574314 10000.000000
 842.000000 0.690942 12.580750 28.713355 10000.000000
 843.000000 0.670025 12.158811 28.836374 10000.000000
 844.000000 0.626971 10.869243 28.933944 10000.000000
 845.000000 0.680986 12.538306 29.023355 10000.000000
 846.000000 0.703464 12.009959 29.159651 10000.000000
 847.000000 0.649694 11.595366 29.255537 10000.000000
 848.000000 0.679928 12.513157 29.377458 10000.000000
 849.000000 0.706645 11.779063 29.512372 10000.000000
 850.000000 0.688432 12.611163 29.650945 10000.000000
 851.000000 0.726289 10.408264 29.725940 10000.000000
 852.000000 0.650239 11.604474 29.812410 10000.000000
 853.000000 0.682303 12.566885 29.942033 10000.000000
 854.000000 0.655732 11.703509 30.068101 10000.000000
 855.000000 0.636013 11.279691 30.166983 10000.000000
 856.000000 0.656325 11.716957 30.247175 10000.000000
 857.000000 0.685281 12.606800 30.359893 10000.000000
 858.000000 0.696548 12.407608 30.495552 10000.000000
 859.000000 0.654063 11.668611 30.601905 10000.000000
 860.000000 0.665207 11.976777 30.730013 10000.000000
 861.000000 0.663612 12.222024 30.843166 10000.000000
 862.000000 0.648600 11.790344 30.931631 10000.000000
 863.000000 0.630049 11.093302 30.978301 10000.000000
 864.000000 0.639556 11.522650 31.058751 10000.000000
 865.000000 0.680033 12.744727 31.174192 10000.000000
 866.000000 0.683701 12.786129 31.331062 10000.000000
 867.000000 0.648880 11.797507 31.466082 10000.000000
 868.000000 0.679129 12.725357 31.570652 10000.000000
 869.000000 0.652155 11.879224 31.677777 10000.000000
 870.000000 0.721164 10.706809 31.782187 10000.000000
 871.000000 0.700968 12.233399 31.886428 10000.000000
 872.000000 0.615522 10.123158 31.958537 10000.000000
 873.000000 0.563657 3.616176 31.966922 10000.000000
 874.000000 0.604760 9.196519 31.944388 10000.000000
 875.000000 0.660920 12.130733 32.000254 10000.000000
 876.000000 0.613499 9.962064 32.036210 10000.000000
 877.000000 0.614522 10.044784 32.089900 10000.000000
 878.000000 0.609762 9.648918 32.120396 10000.000000
 879.000000 0.599509 8.668920 32.110026 10000.000000
 880.000000 0.648837 11.796414 32.140708 10000.000000
 881.000000 0.642234 11.902519 32.277343 10000.000000
 882.000000 0.638349 11.744599 32.329861 10000.000000
 883.000000 0.639383 11.790594 32.440225 10000.000000
 884.000000 0.588728 7.385283 32.478925 10000.000000
 885.000000 0.665338 12.500617 32.499444 10000.000000
 886.000000 0.634508 11.551518 32.632774 10000.000000
 887.000000 0.628034 11.159470 32.717369 10000.000000
 888.000000 0.647577 12.069842 32.789196 10000.000000
 889.000000 0.646279 12.033517 32.871363 10000.000000
 890.000000 0.694681 12.605615 33.008484 10000.000000
 891.000000 0.675795 12.765414 33.154307 10000.000000
 892.000000 0.641550 11.877273 33.262465 10000.000000
 893.000000 0.677095 12.790441 33.394685 10000.000000
 894.000000 0.733737 10.079057 33.472364 10000.000000
 895.000000 0.638684 11.760400 33.570118 10000.000000
 896.000000 0.619393 10.518967 33.576661 10000.000000
 897.000000 0.626560 11.057765 33.673352 10000.000000
 898.000000 0.677170 12.791785 33.758723 10000.000000
 899.000000 0.667633 12.563428 33.903033 10000.000000
 900.000000 0.625091 10.953996 33.984464 10000.000000
 901.000000 0.637696 11.988468 34.049546 10000.000000
 902.000000 0.638632 12.023377 34.157021 10000.000000
 903.000000 0.621200 10.990120 34.284079 10000.000000
 904.000000 0.614608 10.413259 34.297594 10000.000000
 905.000000 0.657162 12.387896 34.385776 10000.000000
 906.000000 0.645356 12.205808 34.493189 10000.000000
 907.000000 0.564984 3.812435 34.549772 10000.000000
 908.000000 0.558934 2.966058 34.544412 10000.000000
 909.000000 0.552015 2.135841 34.508804 10000.000000
 910.000000 0.608541 9.819865 34.488843 10000.000000
 911.000000 0.615254 10.472742 34.513432 10000.000000
 912.000000 0.545480 1.500172 34.504688 10000.000000
 913.000000 0.627167 11.431609 34.493419 10000.000000
 914.000000 0.674508 12.754428 34.613774 10000.000000
 915.000000 0.611694 10.134364 34.677384 10000.000000
 916.000000 0.556659 2.675550 34.659435 10000.000000
 917.000000 0.552554 2.194435 34.626440 10000.000000
 918.000000 0.498050 0.015334 34.590190 10000.000000
 919.000000 0.557947 2.837498 34.554272 10000.000000
 920.000000 0.488655 0.003574 34.518273 10000.000000
 921.000000 0.454885 0.240312 34.482167 10000.000000
 922.000000 0.548830 1.819789 34.446250 10000.000000
 923.000000 0.500402 0.862593 34.410598 10000.000000
 924.000000 0.480610 0.921959 34.374922 10000.000000
 925.000000 0.519795 0.514475 34.339207 10000.000000
 926.000000 0.536287 0.899095 34.303535 10000.000000
 927.000000 0.547680 1.711035 34.269883 10000.000000
 928.000000 0.590332 7.669881 34.241662 10000.000000
 929.000000 0.579678 6.106171 34.210389 10000.000000
 930.000000 0.536344 0.902005 34.176640 10000.000000
 931.000000 0.569679 4.526482 34.143264 10000.000000
 932.000000 0.530671 0.667604 34.109587 10000.000000
 933.000000 0.613122 10.272784 34.087533 10000.000000
 934.000000 0.532681 0.738280 34.091913 10000.000000
 935.000000 0.623165 11.144733 34.073724 10000.000000
 936.000000 0.657313 12.390281 34.195504 10000.000000
 937.000000 0.614931 10.443081 34.298560 10000.000000
 938.000000 0.522527 0.518879 34.279964 10000.000000
 939.000000 0.602575 9.180893 34.298201 10000.000000
 940.000000 0.581050 6.318471 34.271924 10000.000000
 941.000000 0.613849 10.480746 34.251005 10000.000000
 942.000000 0.557324 3.023868 34.249303 10000.000000
 943.000000 0.610100 10.161631 34.271034 10000.000000
 944.000000 0.600679 9.293905 34.264743 10000.000000
 945.000000 0.712152 11.375223 34.352226 10000.000000
 946.000000 0.756499 9.122762 34.405975 10000.000000
 947.000000 0.719531 10.815089 34.423139 10000.000000
 948.000000 0.714636 11.174792 34.478985 10000.000000
 949.000000 0.716396 11.040189 34.531598 10000.000000
 950.000000 0.696779 12.501320 34.565671 10000.000000
 951.000000 0.736890 9.958681 34.643863 10000.000000
 952.000000 0.699574 12.336586 34.700047 10000.000000
 953.000000 0.667645 12.598427 34.824284 10000.000000
 954.000000 0.684995 12.853302 34.953557 10000.000000
 955.000000 0.683113 12.858597 35.093679 10000.000000
 956.000000 0.707431 11.758175 35.190439 10000.000000
 957.000000 0.694300 12.623568 35.235277 10000.000000
 958.000000 0.711352 11.439792 35.274304 10000.000000
 959.000000 0.761757 8.881631 35.316101 10000.000000
 960.000000 0.710063 11.544199 35.339702 10000.000000
 961.000000 0.735148 10.167978 35.368199 10000.000000
 962.000000 0.701758 12.478501 35.462359 10000.000000
 963.000000 0.725500 10.686829 35.488708 10000.000000
 964.000000 0.697069 12.740147 35.578466 10000.000000
 965.000000 0.727855 10.544346 35.652312 10000.000000
 966.000000 0.749634 9.492279 35.701693 10000.000000
 967.000000 0.664718 12.555186 35.783837 10000.000000
 968.000000 0.659297 12.436238 35.921199 10000.000000
 969.000000 0.729344 10.459436 35.997827 10000.000000
 970.000000 0.728376 10.514485 36.039484 10000.000000
 971.000000 0.698107 12.689562 36.089069 10000.000000
 972.000000 0.699427 12.618877 36.219987 10000.000000
 973.000000 0.634189 11.850826 36.348012 10000.000000
 974.000000 0.604497 9.661127 36.402644 10000.000000
 975.000000 0.654748 12.356092 36.436603 10000.000000
 976.000000 0.664069 12.539536 36.559946 10000.000000
 977.000000 0.702387 12.437402 36.694278 10000.000000
 978.000000 0.638256 12.017951 36.802076 10000.000000
 979.000000 0.663739 12.531733 36.916241 10000.000000
 980.000000 0.610352 10.183225 36.968306 10000.000000
 981.000000 0.622005 11.423836 37.049235 10000.000000
 982.000000 0.559786 3.395040 37.054707 10000.000000
 983.000000 0.572108 5.445711 37.021497 10000.000000
 984.000000 0.620655 11.335512 37.053207 10000.000000
 985.000000 0.618144 11.161583 37.071735 10000.000000
 986.000000 0.705169 12.240587 37.179895 10000.000000
 987.000000 0.640434 12.205939 37.271623 10000.000000
 988.000000 0.614561 10.891744 37.296368 10000.000000
 989.000000 0.674787 12.828502 37.381155 10000.000000
 990.000000 0.624176 11.556595 37.467078 10000.000000
 991.000000 0.619493 11.256039 37.517737 10000.000000
 992.000000 0.629712 11.847063 37.580557 10000.000000
 993.000000 0.654779 12.387129 37.651448 10000.000000
 994.000000 0.639236 12.178835 37.744776 10000.000000
 995.000000 0.632008 11.944808 37.832590 10000.000000
 996.000000 0.677203 12.886441 37.945499 10000.000000
 997.000000 0.671326 12.734756 38.062074 10000.000000
 998.000000 0.685993 12.998519 38.188476 10000.000000
 999.000000 0.684329 12.993788 38.324222 10000.000000
 1000.000000 0.685831 12.997177 38.424017 10000.000000
 1001.000000 0.609037 10.429273 38.536699 10000.000000
 1002.000000 0.659431 12.570296 38.649914 10000.000000
 1003.000000 0.683278 13.256488 38.767337 10000.000000
 1004.000000 0.745416 9.699505 38.889169 10000.000000
 1005.000000 0.699357 12.839064 38.921599 10000.000000
 1006.000000 0.678433 13.166031 39.036393 10000.000000
 1007.000000 0.701358 12.705013 39.178703 10000.000000
 1008.000000 0.673381 13.014385 39.325584 10000.000000
 1009.000000 0.710254 11.972104 39.446430 10000.000000
 1010.000000 0.752791 9.335973 39.493027 10000.000000
 1011.000000 0.735387 10.169375 39.505929 10000.000000
 1012.000000 0.668413 12.843636 39.593039 10000.000000
 1013.000000 0.672331 12.978228 39.736637 10000.000000
 1014.000000 0.649216 12.383821 39.853128 10000.000000
 1015.000000 0.714810 11.562139 39.981248 10000.000000
 1016.000000 0.729879 10.455473 40.040272 10000.000000
 1017.000000 0.677070 13.130360 40.151403 10000.000000
 1018.000000 0.641818 12.257260 40.255442 10000.000000
 1019.000000 0.715482 11.503277 40.333832 10000.000000
 1020.000000 0.690703 13.214885 40.456978 10000.000000
 1021.000000 0.746904 9.634000 40.597147 10000.000000
 1022.000000 0.725538 10.780695 40.639844 10000.000000
 1023.000000 0.718764 11.325527 40.673887 10000.000000
 1024.000000 0.739269 9.999028 40.711805 10000.000000
 1025.000000 0.697562 13.196283 40.750596 10000.000000
 1026.000000 0.710175 12.144642 40.840661 10000.000000
 1027.000000 0.723284 10.946324 40.881190 10000.000000
 1028.000000 0.706503 12.494291 40.948380 10000.000000
 1029.000000 0.719949 11.219401 41.043590 10000.000000
 1030.000000 0.735137 10.204048 41.090405 10000.000000
 1031.000000 0.708971 12.261765 41.147193 10000.000000
 1032.000000 0.719507 11.258149 41.187076 10000.000000
 1033.000000 0.720961 11.133668 41.237850 10000.000000
 1034.000000 0.751805 9.387523 41.252835 10000.000000
 1035.000000 0.724314 10.869123 41.265929 10000.000000
 1036.000000 0.701872 12.895764 41.367574 10000.000000
 1037.000000 0.741132 9.910250 41.462474 10000.000000
 1038.000000 0.745377 9.707657 41.466122 10000.000000
 1039.000000 0.724753 10.836517 41.556011 10000.000000
 1040.000000 0.726168 10.735471 41.581223 10000.000000
 1041.000000 0.756807 9.235086 41.593057 10000.000000
 1042.000000 0.741861 10.126303 41.600296 10000.000000
 1043.000000 0.724182 11.216882 41.621885 10000.000000
 1044.000000 0.718701 11.649162 41.690371 10000.000000
 1045.000000 0.725670 11.112119 41.761616 10000.000000
 1046.000000 0.710960 12.323637 41.811041 10000.000000
 1047.000000 0.717103 11.782529 41.928609 10000.000000
 1048.000000 0.723582 11.261390 41.964642 10000.000000
 1049.000000 0.729809 10.834121 41.983132 10000.000000
 1050.000000 0.725063 11.154300 42.006449 10000.000000
 1051.000000 0.700984 13.117533 42.158200 10000.000000
 1052.000000 0.680247 13.467387 42.288878 10000.000000
 1053.000000 0.666923 12.928308 42.431216 10000.000000
 1054.000000 0.754442 9.376885 42.545316 10000.000000
 1055.000000 0.727409 10.991341 42.549531 10000.000000
 1056.000000 0.714394 12.019172 42.572333 10000.000000
 1057.000000 0.687366 13.579722 42.741967 10000.000000
 1058.000000 0.759143 9.102720 42.801220 10000.000000
 1059.000000 0.728284 10.932827 42.818894 10000.000000
 1060.000000 0.727032 11.016932 42.855814 10000.000000
 1061.000000 0.744817 10.180342 42.905714 10000.000000
 1062.000000 0.725352 11.464966 42.940809 10000.000000
 1063.000000 0.707883 12.800480 43.053335 10000.000000
 1064.000000 0.675320 13.301862 43.178979 10000.000000
 1065.000000 0.671742 13.143415 43.344527 10000.000000
 1066.000000 0.726033 11.416896 43.469814 10000.000000
 1067.000000 0.747021 10.027438 43.486305 10000.000000
 1068.000000 0.755678 9.420946 43.501696 10000.000000
 1069.000000 0.733519 10.921527 43.520035 10000.000000
 1070.000000 0.750416 9.788927 43.542493 10000.000000
 1071.000000 0.748203 9.945344 43.554301 10000.000000
 1072.000000 0.700172 13.304151 43.584370 10000.000000
 1073.000000 0.690124 13.620507 43.712461 10000.000000
 1074.000000 0.689134 13.626983 43.838768 10000.000000
 1075.000000 0.715135 12.230295 43.912460 10000.000000
 1076.000000 0.706258 12.917971 44.060418 10000.000000
 1077.000000 0.680485 13.496404 44.163787 10000.000000
 1078.000000 0.655102 12.528993 44.278660 10000.000000
 1079.000000 0.664171 12.818326 44.393306 10000.000000
 1080.000000 0.730931 11.090145 44.467776 10000.000000
 1081.000000 0.671987 13.158592 44.594136 10000.000000
 1082.000000 0.690055 13.661774 44.719958 10000.000000
 1083.000000 0.679119 13.460749 44.876041 10000.000000
 1084.000000 0.713938 12.556190 45.027908 10000.000000
 1085.000000 0.709276 12.877711 45.179769 10000.000000
 1086.000000 0.638172 12.176305 45.297539 10000.000000
 1087.000000 0.628635 11.803118 45.337122 10000.000000
 1088.000000 0.682772 13.575757 45.476886 10000.000000
 1089.000000 0.631307 11.926307 45.583508 10000.000000
 1090.000000 0.677400 13.394593 45.688549 10000.000000
 1091.000000 0.716311 12.389231 45.831436 10000.000000
 1092.000000 0.669212 13.033183 45.927966 10000.000000
 1093.000000 0.704014 13.206211 46.060360 10000.000000
 1094.000000 0.714685 12.502434 46.177682 10000.000000
 1095.000000 0.696136 13.560558 46.235558 10000.000000
 1096.000000 0.695041 13.591609 46.397803 10000.000000
 1097.000000 0.716854 12.351794 46.537709 10000.000000
 1098.000000 0.674361 13.266752 46.667434 10000.000000
 1099.000000 0.635768 12.099692 46.791590 10000.000000
 1100.000000 0.611725 10.660641 46.830757 10000.000000
 1101.000000 0.578948 6.714922 46.843821 10000.000000
 1102.000000 0.568905 4.924951 46.842079 10000.000000
 1103.000000 0.567378 4.657780 46.806524 10000.000000
 1104.000000 0.533346 0.795279 46.769474 10000.000000
 1105.000000 0.527802 0.606645 46.732216 10000.000000
 1106.000000 0.550030 2.103243 46.691727 10000.000000
 1107.000000 0.551626 2.289556 46.655992 10000.000000
 1108.000000 0.577637 6.481972 46.617849 10000.000000
 1109.000000 0.582390 7.305548 46.582824 10000.000000
 1110.000000 0.566265 4.465068 46.549320 10000.000000
 1111.000000 0.593119 8.955282 46.517099 10000.000000
 1112.000000 0.603600 10.233025 46.537476 10000.000000
 1113.000000 0.538551 1.078660 46.506903 10000.000000
 1114.000000 0.571673 5.415059 46.467462 10000.000000
 1115.000000 0.646852 12.445243 46.527965 10000.000000
 1116.000000 0.595709 9.301327 46.582843 10000.000000
 1117.000000 0.563696 4.031991 46.547756 10000.000000
 1118.000000 0.572053 5.482658 46.516166 10000.000000
 1119.000000 0.554629 2.669680 46.488464 10000.000000
 1120.000000 0.578673 6.666909 46.450037 10000.000000
 1121.000000 0.524624 0.560104 46.418009 10000.000000
 1122.000000 0.558421 3.510769 46.378337 10000.000000
 1123.000000 0.556077 3.137957 46.347658 10000.000000
 1124.000000 0.586563 8.460228 46.321308 10000.000000
 1125.000000 0.511637 0.608908 46.286120 10000.000000
 1126.000000 0.575890 6.680390 46.248321 10000.000000
 1127.000000 0.580943 7.569493 46.236631 10000.000000
 1128.000000 0.552138 2.564236 46.203601 10000.000000
 1129.000000 0.588696 8.767790 46.172881 10000.000000
 1130.000000 0.511331 0.614835 46.141608 10000.000000
 1131.000000 0.555240 3.010584 46.104662 10000.000000
 1132.000000 0.560351 3.830707 46.065538 10000.000000
 1133.000000 0.513229 0.581963 46.033276 10000.000000
 1134.000000 0.565704 4.784751 45.997815 10000.000000
 1135.000000 0.547988 2.037540 45.961747 10000.000000
 1136.000000 0.580161 7.436845 45.927790 10000.000000
 1137.000000 0.582543 7.834380 45.915318 10000.000000
 1138.000000 0.538618 1.151962 45.878668 10000.000000
 1139.000000 0.573469 6.234225 45.852296 10000.000000
 1140.000000 0.521359 0.529061 45.820796 10000.000000
 1141.000000 0.554406 3.127868 45.786341 10000.000000
 1142.000000 0.572885 6.158669 45.756182 10000.000000
 1143.000000 0.550028 2.626313 45.724430 10000.000000
 1144.000000 0.570688 5.758754 45.687543 10000.000000
 1145.000000 0.604114 10.516699 45.656238 10000.000000
 1146.000000 0.590555 9.023438 45.692808 10000.000000
 1147.000000 0.543116 2.050629 45.663109 10000.000000
 1148.000000 0.565112 4.762379 45.628510 10000.000000
 1149.000000 0.538107 1.783922 45.591277 10000.000000
 1150.000000 0.562297 4.285165 45.554105 10000.000000
 1151.000000 0.556892 3.460486 45.519816 10000.000000
 1152.000000 0.578289 7.128513 45.486729 10000.000000
 1153.000000 0.568339 5.333642 45.452932 10000.000000
 1154.000000 0.575320 6.601530 45.422677 10000.000000
 1155.000000 0.563901 4.554976 45.386750 10000.000000
 1156.000000 0.557918 3.606594 45.350490 10000.000000
 1157.000000 0.587339 8.577934 45.317518 10000.000000
 1158.000000 0.541712 1.963744 45.286913 10000.000000
 1159.000000 0.551988 2.837352 45.254133 10000.000000
 1160.000000 0.568700 5.399280 45.217670 10000.000000
 1161.000000 0.552525 3.318642 45.189017 10000.000000
 1162.000000 0.561120 4.635641 45.153722 10000.000000
 1163.000000 0.554462 3.586677 45.123275 10000.000000
 1164.000000 0.562093 4.803101 45.089681 10000.000000
 1165.000000 0.567687 5.798302 45.070670 10000.000000
 1166.000000 0.537359 1.924700 45.035110 10000.000000
 1167.000000 0.580237 7.955223 45.005447 10000.000000
 1168.000000 0.543163 2.311220 45.001047 10000.000000
 1169.000000 0.579879 7.899594 44.971261 10000.000000
 1170.000000 0.532422 1.716598 44.937573 10000.000000
 1171.000000 0.598114 10.120998 44.926330 10000.000000
 1172.000000 0.584810 8.622009 44.926462 10000.000000
 1173.000000 0.562424 4.860208 44.897077 10000.000000
 1174.000000 0.563634 5.073343 44.862298 10000.000000
 1175.000000 0.645587 12.432053 44.886913 10000.000000
 1176.000000 0.583681 8.464397 44.925200 10000.000000
 1177.000000 0.559427 4.352504 44.891499 10000.000000
 1178.000000 0.558721 4.239363 44.862143 10000.000000
 1179.000000 0.538611 1.992928 44.828869 10000.000000
 1180.000000 0.615500 11.433981 44.832632 10000.000000
 1181.000000 0.549906 2.989693 44.813307 10000.000000
 1182.000000 0.563677 5.092096 44.778647 10000.000000
 1183.000000 0.523015 1.528407 44.745445 10000.000000
 1184.000000 0.554511 3.596727 44.711949 10000.000000
 1185.000000 0.573041 6.788766 44.681718 10000.000000
 1186.000000 0.565461 5.412075 44.651119 10000.000000
 1187.000000 0.560480 4.534882 44.622884 10000.000000
 1188.000000 0.576403 7.382144 44.591971 10000.000000
 1189.000000 0.578830 7.793432 44.561529 10000.000000
 1190.000000 0.549943 2.994063 44.532945 10000.000000
 1191.000000 0.572253 6.647680 44.504039 10000.000000
 1192.000000 0.549002 2.884211 44.472263 10000.000000
 1193.000000 0.536445 1.878513 44.436799 10000.000000
 1194.000000 0.559833 4.426254 44.407606 10000.000000
 1195.000000 0.562721 4.921441 44.377474 10000.000000
 1196.000000 0.566234 5.551808 44.348400 10000.000000
 1197.000000 0.547356 2.702724 44.313929 10000.000000
 1198.000000 0.567960 5.866322 44.283876 10000.000000
 1199.000000 0.573805 6.926478 44.257534 10000.000000
 1200.000000 0.563638 5.085141 44.229134 10000.000000
 1201.000000 0.586571 9.279501 44.206062 10000.000000
 1202.000000 0.553745 4.019120 44.182165 10000.000000
 1203.000000 0.548909 3.331583 44.154742 10000.000000
 1204.000000 0.569765 6.769204 44.123354 10000.000000
 1205.000000 0.568918 6.621740 44.092453 10000.000000
 1206.000000 0.576655 7.911410 44.085829 10000.000000
 1207.000000 0.556096 4.391361 44.054977 10000.000000
 1208.000000 0.555576 4.307510 44.021366 10000.000000
 1209.000000 0.531248 1.842836 43.997057 10000.000000
 1210.000000 0.562942 5.560653 43.963212 10000.000000
 1211.000000 0.527702 1.716794 43.930073 10000.000000
 1212.000000 0.533750 1.960317 43.896922 10000.000000
 1213.000000 0.517989 1.534154 43.864379 10000.000000
 1214.000000 0.564570 5.851309 43.830871 10000.000000
 1215.000000 0.542084 2.561578 43.802239 10000.000000
 1216.000000 0.542444 2.597001 43.773333 10000.000000
 1217.000000 0.561846 5.367553 43.739755 10000.000000
 1218.000000 0.537965 2.220408 43.712971 10000.000000
 1219.000000 0.548029 3.218738 43.679812 10000.000000
 1220.000000 0.605310 11.079265 43.657685 10000.000000
 1221.000000 0.541301 2.492326 43.673567 10000.000000
 1222.000000 0.525542 1.657746 43.640340 10000.000000
 1223.000000 0.564189 5.823387 43.608094 10000.000000
 1224.000000 0.551526 3.698978 43.585681 10000.000000
 1225.000000 0.544239 2.780780 43.552182 10000.000000
 1226.000000 0.548782 3.321157 43.520747 10000.000000
 1227.000000 0.566297 6.207761 43.488487 10000.000000
 1228.000000 0.536099 2.095916 43.460360 10000.000000
 1229.000000 0.544678 2.827714 43.427583 10000.000000
 1230.000000 0.542427 2.597745 43.395299 10000.000000
 1231.000000 0.561131 5.270155 43.362119 10000.000000
 1232.000000 0.545175 2.882709 43.337509 10000.000000
 1233.000000 0.546538 3.040221 43.305181 10000.000000
 1234.000000 0.577030 8.090580 43.275517 10000.000000
 1235.000000 0.546804 3.071864 43.259404 10000.000000
 1236.000000 0.548689 3.308926 43.229261 10000.000000
 1237.000000 0.555401 4.294258 43.196595 10000.000000
 1238.000000 0.565907 6.136718 43.164867 10000.000000
 1239.000000 0.537923 2.218536 43.143375 10000.000000
 1240.000000 0.567017 6.339456 43.115402 10000.000000
 1241.000000 0.549000 3.702819 43.085911 10000.000000
 1242.000000 0.569815 7.370597 43.053980 10000.000000
 1243.000000 0.576241 8.437703 43.052517 10000.000000
 1244.000000 0.549088 3.715861 43.024616 10000.000000
 1245.000000 0.593029 10.490272 43.025394 10000.000000
 1246.000000 0.575773 8.365241 43.001383 10000.000000
 1247.000000 0.534426 2.137717 43.010880 10000.000000
 1248.000000 0.566020 6.686297 42.994668 10000.000000
 1249.000000 0.539525 2.546925 42.966386 10000.000000
 1250.000000 0.586658 9.830180 42.948090 10000.000000
 1251.000000 0.581065 9.136854 42.953957 10000.000000
 1252.000000 0.566844 6.836928 42.958215 10000.000000
 1253.000000 0.554073 4.511522 42.945010 10000.000000
 1254.000000 0.581675 9.218265 42.938257 10000.000000
 1255.000000 0.593282 10.514150 42.952018 10000.000000
 1256.000000 0.536304 2.271752 42.934955 10000.000000
 1257.000000 0.602915 11.320907 42.917483 10000.000000
 1258.000000 0.513499 1.509098 42.903287 10000.000000
 1259.000000 0.564802 6.461334 42.877744 10000.000000
 1260.000000 0.568142 7.072614 42.869624 10000.000000
 1261.000000 0.569994 7.892152 42.844129 10000.000000
 1262.000000 0.530232 1.981695 42.821899 10000.000000
 1263.000000 0.558292 5.692950 42.815894 10000.000000
 1264.000000 0.539047 2.671894 42.787466 10000.000000
 1265.000000 0.593773 10.776564 42.779508 10000.000000
 1266.000000 0.537674 2.535774 42.754920 10000.000000
 1267.000000 0.572291 8.279182 42.726273 10000.000000
 1268.000000 0.656658 12.648560 42.782831 10000.000000
 1269.000000 0.579464 9.335379 42.829665 10000.000000
 1270.000000 0.565438 7.067183 42.828110 10000.000000
 1271.000000 0.529525 1.944144 42.802805 10000.000000
 1272.000000 0.534056 2.228747 42.779394 10000.000000
 1273.000000 0.529668 1.951563 42.747247 10000.000000
 1274.000000 0.577995 9.139587 42.719822 10000.000000
 1275.000000 0.536529 2.430068 42.694999 10000.000000
 1276.000000 0.525453 1.767196 42.663757 10000.000000
 1277.000000 0.546713 3.654592 42.633278 10000.000000
 1278.000000 0.504996 1.453109 42.604870 10000.000000
 1279.000000 0.571599 8.163804 42.580615 10000.000000
 1280.000000 0.534716 2.279562 42.552820 10000.000000
 1281.000000 0.533846 3.007316 42.522325 10000.000000
 1282.000000 0.567402 7.640338 42.501917 10000.000000
 1283.000000 0.475316 0.876978 42.472552 10000.000000
 1284.000000 0.621052 12.331681 42.471235 10000.000000
 1285.000000 0.547834 4.468346 42.459632 10000.000000
 1286.000000 0.532223 2.889591 42.430165 10000.000000
 1287.000000 0.526317 2.527663 42.399643 10000.000000
 1288.000000 0.525896 2.505245 42.369709 10000.000000
 1289.000000 0.565174 7.266319 42.350530 10000.000000
 1290.000000 0.491148 1.374506 42.324153 10000.000000
 1291.000000 0.536122 3.188409 42.293535 10000.000000
 1292.000000 0.561006 6.551492 42.265477 10000.000000
 1293.000000 0.522954 2.358144 42.239193 10000.000000
 1294.000000 0.562956 6.888519 42.213343 10000.000000
 1295.000000 0.537342 3.293457 42.190410 10000.000000
 1296.000000 0.578231 9.246861 42.167484 10000.000000
 1297.000000 0.606432 11.648123 42.172785 10000.000000
 1298.000000 0.595672 10.930838 42.212247 10000.000000
 1299.000000 0.613682 12.036673 42.254652 10000.000000
 1300.000000 0.659831 12.717923 42.347158 10000.000000
 1301.000000 0.604493 11.538685 42.433590 10000.000000
 1302.000000 0.597788 11.086522 42.478843 10000.000000
 1303.000000 0.540685 3.613282 42.458966 10000.000000
 1304.000000 0.553211 5.257998 42.437638 10000.000000
 1305.000000 0.588483 10.347549 42.453565 10000.000000
 1306.000000 0.580416 9.514729 42.439894 10000.000000
 1307.000000 0.563063 6.906880 42.424684 10000.000000
 1308.000000 0.540522 3.596624 42.402426 10000.000000
 1309.000000 0.561740 6.678222 42.372787 10000.000000
 1310.000000 0.660662 13.019819 42.430827 10000.000000
 1311.000000 0.642522 12.772588 42.534982 10000.000000
 1312.000000 0.672521 13.421226 42.637750 10000.000000
 1313.000000 0.653999 12.875594 42.765764 10000.000000
 1314.000000 0.601096 11.316145 42.830930 10000.000000
 1315.000000 0.626769 12.546667 42.898398 10000.000000
 1316.000000 0.698502 13.520296 43.015603 10000.000000
 1317.000000 0.616641 12.196991 43.122066 10000.000000
 1318.000000 0.503447 1.677277 43.121686 10000.000000
 1319.000000 0.614478 12.095682 43.114134 10000.000000
 1320.000000 0.564871 7.215105 43.140839 10000.000000
 1321.000000 0.543529 4.199755 43.116853 10000.000000
 1322.000000 0.575216 9.267145 43.097870 10000.000000
 1323.000000 0.536523 3.399740 43.079265 10000.000000
 1324.000000 0.563275 7.426852 43.063890 10000.000000
 1325.000000 0.533442 3.118630 43.036411 10000.000000
 1326.000000 0.524260 2.483163 43.007810 10000.000000
 1327.000000 0.567867 8.196554 42.981622 10000.000000
 1328.000000 0.534035 3.170360 42.962137 10000.000000
 1329.000000 0.598013 11.225332 42.941846 10000.000000
 1330.000000 0.553434 5.704940 42.963305 10000.000000
 1331.000000 0.527132 2.655261 42.933339 10000.000000
 1332.000000 0.543117 4.146539 42.904885 10000.000000
 1333.000000 0.564641 7.661226 42.878242 10000.000000
 1334.000000 0.533262 3.103503 42.849865 10000.000000
 1335.000000 0.546297 4.579579 42.824108 10000.000000
 1336.000000 0.528468 2.742491 42.793954 10000.000000
 1337.000000 0.546836 4.658617 42.764667 10000.000000
 1338.000000 0.552773 5.593807 42.739236 10000.000000
 1339.000000 0.532986 3.080530 42.710350 10000.000000
 1340.000000 0.560570 6.950940 42.684776 10000.000000
 1341.000000 0.566092 8.385603 42.674802 10000.000000
 1342.000000 0.530371 3.035492 42.649727 10000.000000
 1343.000000 0.561409 7.597303 42.623143 10000.000000
 1344.000000 0.531290 3.115423 42.622741 10000.000000
 1345.000000 0.552215 5.957454 42.595825 10000.000000
 1346.000000 0.518697 2.260531 42.568882 10000.000000
 1347.000000 0.589366 10.832120 42.555328 10000.000000
 1348.000000 0.587627 10.722386 42.574807 10000.000000
 1349.000000 0.528894 2.913600 42.565079 10000.000000
 1350.000000 0.565339 8.264300 42.541008 10000.000000
 1351.000000 0.533891 3.361576 42.515952 10000.000000
 1352.000000 0.508979 1.854381 42.489756 10000.000000
 1353.000000 0.538838 3.913523 42.460807 10000.000000
 1354.000000 0.514107 2.047954 42.434775 10000.000000
 1355.000000 0.554288 6.324318 42.406920 10000.000000
 1356.000000 0.533120 3.285979 42.380071 10000.000000
 1357.000000 0.551176 5.776554 42.351817 10000.000000
 1358.000000 0.579442 10.089112 42.370668 10000.000000
 1359.000000 0.542107 4.344853 42.347189 10000.000000
 1360.000000 0.488787 1.312019 42.319872 10000.000000
 1361.000000 0.597239 11.271191 42.306330 10000.000000
 1362.000000 0.535556 3.592627 42.324949 10000.000000
 1363.000000 0.574389 9.549977 42.302662 10000.000000
 1364.000000 0.576172 9.755194 42.330504 10000.000000
 1365.000000 0.505607 2.365945 42.305620 10000.000000
 1366.000000 0.561557 7.622996 42.281609 10000.000000
 1367.000000 0.544533 4.712989 42.258882 10000.000000
 1368.000000 0.504023 2.361707 42.233790 10000.000000
 1369.000000 0.585339 10.568630 42.216393 10000.000000
 1370.000000 0.587593 10.720184 42.224981 10000.000000
 1371.000000 0.546962 5.084960 42.222928 10000.000000
 1372.000000 0.551455 5.831365 42.199289 10000.000000
 1373.000000 0.582509 10.355167 42.179768 10000.000000
 1374.000000 0.621141 12.391871 42.224983 10000.000000
 1375.000000 0.604610 11.657481 42.296158 10000.000000
 1376.000000 0.601262 11.482730 42.306774 10000.000000
 1377.000000 0.597412 11.280256 42.349346 10000.000000
 1378.000000 0.583672 10.445985 42.372357 10000.000000
 1379.000000 0.624387 12.491311 42.420301 10000.000000
 1380.000000 0.615837 12.189012 42.495495 10000.000000
 1381.000000 0.616765 12.523226 42.581850 10000.000000
 1382.000000 0.555834 6.609678 42.577794 10000.000000
 1383.000000 0.601699 11.735789 42.610000 10000.000000
 1384.000000 0.537750 3.826816 42.599813 10000.000000
 1385.000000 0.547368 5.150152 42.572098 10000.000000
 1386.000000 0.522688 2.689407 42.549013 10000.000000
 1387.000000 0.496379 2.324534 42.520275 10000.000000
 1388.000000 0.547541 5.177851 42.493158 10000.000000
 1389.000000 0.541379 4.271556 42.465856 10000.000000
 1390.000000 0.523689 2.733904 42.438910 10000.000000
 1391.000000 0.545778 4.900715 42.416825 10000.000000
 1392.000000 0.534503 3.488814 42.393338 10000.000000
 1393.000000 0.515187 2.461295 42.366399 10000.000000
 1394.000000 0.577235 9.914258 42.343714 10000.000000
 1395.000000 0.633647 12.880338 42.418121 10000.000000
 1396.000000 0.560042 7.361958 42.455587 10000.000000
 1397.000000 0.546980 5.088685 42.429168 10000.000000
 1398.000000 0.586895 10.778196 42.414087 10000.000000
 1399.000000 0.536160 3.654376 42.423355 10000.000000
 1400.000000 0.551553 5.849879 42.411520 10000.000000
 1401.000000 0.551652 6.423394 42.386547 10000.000000
 1402.000000 0.522077 2.851898 42.361732 10000.000000
 1403.000000 0.570069 9.369944 42.337532 10000.000000
 1404.000000 0.560899 8.012740 42.325182 10000.000000
 1405.000000 0.512841 2.508245 42.300120 10000.000000
 1406.000000 0.606026 12.002538 42.296123 10000.000000
 1407.000000 0.553352 6.719020 42.310278 10000.000000
 1408.000000 0.536709 4.134588 42.285143 10000.000000
 1409.000000 0.536453 4.103341 42.258468 10000.000000
 1410.000000 0.537080 4.180997 42.233915 10000.000000
 1411.000000 0.598416 11.571957 42.229188 10000.000000
 1412.000000 0.561731 8.149770 42.263406 10000.000000
 1413.000000 0.543176 5.026829 42.239016 10000.000000
 1414.000000 0.562855 8.330063 42.220890 10000.000000
 1415.000000 0.530836 3.497046 42.195459 10000.000000
 1416.000000 0.539702 4.524832 42.169101 10000.000000
 1417.000000 0.534875 3.918245 42.144927 10000.000000
 1418.000000 0.527018 3.171970 42.119412 10000.000000
 1419.000000 0.518177 2.670604 42.092178 10000.000000
 1420.000000 0.563761 8.474315 42.084350 10000.000000
 1421.000000 0.524116 3.031092 42.062939 10000.000000
 1422.000000 0.598198 11.656686 42.067676 10000.000000
 1423.000000 0.583944 10.956051 42.106078 10000.000000
 1424.000000 0.605974 12.045817 42.151840 10000.000000
 1425.000000 0.532559 3.792415 42.160712 10000.000000
 1426.000000 0.544290 5.464564 42.135255 10000.000000
 1427.000000 0.555349 7.460440 42.118983 10000.000000
 1428.000000 0.518812 2.730381 42.092875 10000.000000
 1429.000000 0.582823 10.891088 42.098014 10000.000000
 1430.000000 0.525191 3.107811 42.077118 10000.000000
 1431.000000 0.575921 10.388165 42.058870 10000.000000
 1432.000000 0.521636 2.874906 42.039659 10000.000000
 1433.000000 0.488615 2.188004 42.012563 10000.000000
 1434.000000 0.496374 2.338328 41.985777 10000.000000
 1435.000000 0.554221 7.252255 41.963110 10000.000000
 1436.000000 0.577559 10.525067 41.942685 10000.000000
 1437.000000 0.561281 8.499899 41.954050 10000.000000
 1438.000000 0.597342 11.613743 41.971204 10000.000000
 1439.000000 0.642335 12.893726 42.047390 10000.000000
 1440.000000 0.613574 12.407407 42.122471 10000.000000
 1441.000000 0.620278 12.931431 42.218468 10000.000000
 1442.000000 0.723067 11.931669 42.312008 10000.000000
 1443.000000 0.723842 11.879974 42.330108 10000.000000
 1444.000000 0.713895 12.566423 42.394926 10000.000000
 1445.000000 0.702048 13.344556 42.518290 10000.000000
 1446.000000 0.692246 13.719129 42.592997 10000.000000
 1447.000000 0.656161 12.983887 42.720057 10000.000000
 1448.000000 0.704065 13.227494 42.842291 10000.000000
 1449.000000 0.702884 13.296816 42.938746 10000.000000
 1450.000000 0.682386 13.717234 43.039134 10000.000000
 1451.000000 0.752330 9.841228 43.110747 10000.000000
 1452.000000 0.645539 12.972734 43.183587 10000.000000
 1453.000000 0.664142 13.151221 43.288234 10000.000000
 1454.000000 0.657705 13.004511 43.391031 10000.000000
 1455.000000 0.657036 12.995513 43.492137 10000.000000
 1456.000000 0.727700 11.628710 43.597508 10000.000000
 1457.000000 0.686683 13.763461 43.668932 10000.000000
 1458.000000 0.717033 12.344134 43.760313 10000.000000
 1459.000000 0.734647 11.172620 43.798528 10000.000000
 1460.000000 0.753691 9.731174 43.823956 10000.000000
 1461.000000 0.727764 11.787293 43.864009 10000.000000
 1462.000000 0.741328 11.012459 43.885523 10000.000000
 1463.000000 0.719133 12.282578 43.918675 10000.000000
 1464.000000 0.652657 12.954678 44.025107 10000.000000
 1465.000000 0.713341 12.656311 44.141807 10000.000000
 1466.000000 0.715374 12.520656 44.184860 10000.000000
 1467.000000 0.700060 13.457398 44.303551 10000.000000
 1468.000000 0.659339 13.033853 44.425702 10000.000000
 1469.000000 0.691432 13.736359 44.534093 10000.000000
 1470.000000 0.642819 12.992423 44.643580 10000.000000
 1471.000000 0.695375 13.645872 44.763501 10000.000000
 1472.000000 0.725839 11.893841 44.841365 10000.000000
 1473.000000 0.659157 13.029508 44.948532 10000.000000
 1474.000000 0.694623 13.667256 45.064789 10000.000000
 1475.000000 0.742404 10.944227 45.163102 10000.000000
 1476.000000 0.703963 13.250752 45.190010 10000.000000
 1477.000000 0.703251 13.291345 45.288235 10000.000000
 1478.000000 0.738652 11.179036 45.362487 10000.000000
 1479.000000 0.731840 11.567463 45.390530 10000.000000
 1480.000000 0.682097 13.711788 45.477106 10000.000000
 1481.000000 0.734203 11.445411 45.539515 10000.000000
 1482.000000 0.760932 9.545851 45.566425 10000.000000
 1483.000000 0.726498 11.878238 45.573456 10000.000000
 1484.000000 0.707553 13.146294 45.624731 10000.000000
 1485.000000 0.695858 13.829396 45.761685 10000.000000
 1486.000000 0.727910 11.797677 45.841013 10000.000000
 1487.000000 0.716486 12.506772 45.919543 10000.000000
 1488.000000 0.711298 12.877662 45.973412 10000.000000
 1489.000000 0.658809 13.151568 46.090078 10000.000000
 1490.000000 0.669512 13.532125 46.195049 10000.000000
 1491.000000 0.713196 12.741354 46.293269 10000.000000
 1492.000000 0.693367 13.915626 46.413792 10000.000000
 1493.000000 0.672142 13.640573 46.524510 10000.000000
 1494.000000 0.719627 12.295438 46.648908 10000.000000
 1495.000000 0.738980 11.163579 46.723927 10000.000000
 1496.000000 0.739422 11.137634 46.739833 10000.000000
 1497.000000 0.733258 11.498461 46.790336 10000.000000
 1498.000000 0.679555 13.907134 46.903377 10000.000000
 1499.000000 0.644522 13.022915 47.020906 10000.000000
 1500.000000 0.664795 13.344254 47.122105 10000.000000
 1501.000000 0.690622 14.092439 47.258469 10000.000000
 1502.000000 0.713621 12.722782 47.389535 10000.000000
 1503.000000 0.677344 14.053052 47.503100 10000.000000
 1504.000000 0.688440 14.135778 47.661795 10000.000000
 1505.000000 0.694376 13.971642 47.810568 10000.000000
 1506.000000 0.713337 12.745037 47.962684 10000.000000
 1507.000000 0.721553 12.177642 47.998566 10000.000000
 1508.000000 0.677154 14.047975 48.099605 10000.000000
 1509.000000 0.646016 13.188439 48.205004 10000.000000
 1510.000000 0.587223 11.251562 48.288660 10000.000000
 1511.000000 0.645495 13.185221 48.359601 10000.000000
 1512.000000 0.677537 14.058104 48.472691 10000.000000
 1513.000000 0.652571 13.257193 48.596416 10000.000000
 1514.000000 0.652399 13.255494 48.734267 10000.000000
 1515.000000 0.665281 13.624932 48.847160 10000.000000
 1516.000000 0.713956 12.698453 48.971270 10000.000000
 1517.000000 0.710103 12.983627 49.101483 10000.000000
 1518.000000 0.681436 14.136932 49.191513 10000.000000
 1519.000000 0.712178 12.830188 49.273451 10000.000000
 1520.000000 0.675162 13.990869 49.399922 10000.000000
 1521.000000 0.732798 11.530257 49.534892 10000.000000
 1522.000000 0.717850 12.447359 49.639797 10000.000000
 1523.000000 0.722534 12.131039 49.681241 10000.000000
 1524.000000 0.731202 11.620264 49.752246 10000.000000
 1525.000000 0.715633 12.608144 49.769714 10000.000000
 1526.000000 0.720634 12.254825 49.870486 10000.000000
 1527.000000 0.716176 12.568774 49.978798 10000.000000
 1528.000000 0.710966 12.969351 50.038661 10000.000000
 1529.000000 0.678851 14.330775 50.175810 10000.000000
 1530.000000 0.739415 11.139483 50.264830 10000.000000
 1531.000000 0.678433 14.322168 50.361165 10000.000000
 1532.000000 0.672472 14.141594 50.529511 10000.000000
 1533.000000 0.654936 13.448596 50.660366 10000.000000
 1534.000000 0.685002 14.379635 50.805000 10000.000000
 1535.000000 0.658064 13.551984 50.930145 10000.000000
 1536.000000 0.626022 13.092227 51.010862 10000.000000
 1537.000000 0.700511 13.764737 51.136227 10000.000000
 1538.000000 0.697376 13.965753 51.282971 10000.000000
 1539.000000 0.694363 14.127379 51.404334 10000.000000
 1540.000000 0.690223 14.286987 51.569575 10000.000000
 1541.000000 0.687133 14.593767 51.741353 10000.000000
 1542.000000 0.739526 11.144021 51.877401 10000.000000
 1543.000000 0.742091 10.975040 51.936831 10000.000000
 1544.000000 0.693425 14.406119 52.011729 10000.000000
 1545.000000 0.671366 14.252327 52.189669 10000.000000
 1546.000000 0.682473 14.600450 52.367012 10000.000000
 1547.000000 0.686697 14.598926 52.510885 10000.000000
 1548.000000 0.645222 13.282884 52.612906 10000.000000
 1549.000000 0.689513 14.545297 52.760280 10000.000000
 1550.000000 0.700156 13.999961 52.830869 10000.000000
 1551.000000 0.698229 14.134798 53.007643 10000.000000
 1552.000000 0.723651 12.119542 53.095701 10000.000000
 1553.000000 0.711344 13.076443 53.151056 10000.000000
 1554.000000 0.704374 13.669959 53.209882 10000.000000
 1555.000000 0.730712 11.678635 53.278583 10000.000000
 1556.000000 0.744848 10.786024 53.347528 10000.000000
 1557.000000 0.710818 13.121541 53.418229 10000.000000
 1558.000000 0.695920 14.278033 53.509140 10000.000000
 1559.000000 0.667523 14.066085 53.669902 10000.000000
 1560.000000 0.671284 14.248511 53.828852 10000.000000
 1561.000000 0.694113 14.498512 54.014814 10000.000000
 1562.000000 0.694823 14.457522 54.166438 10000.000000
 1563.000000 0.688459 14.736487 54.335339 10000.000000
 1564.000000 0.704392 13.729401 54.504004 10000.000000
 1565.000000 0.726324 11.952122 54.624587 10000.000000
 1566.000000 0.676941 14.709188 54.765948 10000.000000
 1567.000000 0.690045 14.685402 54.964049 10000.000000
 1568.000000 0.674031 14.607709 55.127234 10000.000000
 1569.000000 0.692347 14.589385 55.321457 10000.000000
 1570.000000 0.714892 12.797216 55.422794 10000.000000
 1571.000000 0.716636 12.652441 55.450128 10000.000000
 1572.000000 0.684400 14.804196 55.594097 10000.000000
 1573.000000 0.666089 14.225962 55.769997 10000.000000
 1574.000000 0.677643 14.728914 55.949909 10000.000000
 1575.000000 0.698095 14.241284 56.102310 10000.000000
 1576.000000 0.683244 14.808104 56.283041 10000.000000
 1577.000000 0.658673 13.839142 56.426003 10000.000000
 1578.000000 0.726809 11.921174 56.504332 10000.000000
 1579.000000 0.714173 12.860118 56.596624 10000.000000
 1580.000000 0.743343 10.890870 56.651659 10000.000000
 1581.000000 0.736691 11.638746 56.682142 10000.000000
 1582.000000 0.717965 12.696308 56.748144 10000.000000
 1583.000000 0.682463 14.808709 56.906211 10000.000000
 1584.000000 0.688643 14.739372 57.096951 10000.000000
 1585.000000 0.732503 11.864577 57.186574 10000.000000
 1586.000000 0.719793 12.571637 57.327756 10000.000000
 1587.000000 0.732877 11.845191 57.364516 10000.000000
 1588.000000 0.722794 12.384635 57.415245 10000.000000
 1589.000000 0.734327 11.768027 57.455494 10000.000000
 1590.000000 0.724651 12.278079 57.478168 10000.000000
 1591.000000 0.702202 13.959430 57.512428 10000.000000
 1592.000000 0.752510 10.507915 57.565643 10000.000000
 1593.000000 0.761992 9.684574 57.557257 10000.000000
 1594.000000 0.743438 11.221063 57.563720 10000.000000
 1595.000000 0.777076 8.771508 57.567213 10000.000000
 1596.000000 0.732394 11.870206 57.580548 10000.000000
 1597.000000 0.764678 9.471377 57.586605 10000.000000
 1598.000000 0.748010 10.880939 57.584132 10000.000000
 1599.000000 0.753383 10.430120 57.607113 10000.000000
 1600.000000 0.768945 9.170141 57.631353 10000.000000
 1601.000000 0.719658 12.599612 57.647141 10000.000000
 1602.000000 0.724551 12.317743 57.689818 10000.000000
 1603.000000 0.761578 10.091374 57.710722 10000.000000
 1604.000000 0.773786 9.294209 57.698498 10000.000000
 1605.000000 0.775119 9.227071 57.703713 10000.000000
 1606.000000 0.735072 11.823418 57.714448 10000.000000
 1607.000000 0.803326 8.557942 57.717368 10000.000000
 1608.000000 0.770828 9.454374 57.700883 10000.000000
 1609.000000 0.714034 12.995900 57.716310 10000.000000
 1610.000000 0.704359 13.786547 57.847832 10000.000000
 1611.000000 0.744545 11.332621 57.894658 10000.000000
 1612.000000 0.773410 9.313373 57.901997 10000.000000
 1613.000000 0.741053 11.527836 57.889989 10000.000000
 1614.000000 0.659262 13.868456 58.040448 10000.000000
 1615.000000 0.617583 12.879230 58.136794 10000.000000
 1616.000000 0.696707 14.359993 58.272552 10000.000000
 1617.000000 0.775924 9.189990 58.307528 10000.000000
 1618.000000 0.765095 9.831401 58.295217 10000.000000
 1619.000000 0.752139 10.819984 58.305038 10000.000000
 1620.000000 0.772168 9.379405 58.304535 10000.000000
 1621.000000 0.739410 11.717595 58.308887 10000.000000
 1622.000000 0.770250 9.877434 58.335423 10000.000000
 1623.000000 0.707356 13.539337 58.365862 10000.000000
 1624.000000 0.771123 9.827260 58.429900 10000.000000
 1625.000000 0.778822 9.441128 58.422586 10000.000000
 1626.000000 0.712900 13.089741 58.449323 10000.000000
 1627.000000 0.727827 12.187150 58.481460 10000.000000
 1628.000000 0.706312 13.624773 58.593324 10000.000000
 1629.000000 0.728980 12.137117 58.657949 10000.000000
 1630.000000 0.702753 13.917867 58.730066 10000.000000
 1631.000000 0.774407 9.651558 58.768362 10000.000000
 1632.000000 0.742074 11.598901 58.781246 10000.000000
 1633.000000 0.708848 13.415409 58.857862 10000.000000
 1634.000000 0.593608 11.610756 58.969521 10000.000000
 1635.000000 0.574891 10.339378 58.961655 10000.000000
 1636.000000 0.549720 6.427106 58.935562 10000.000000
 1637.000000 0.514594 2.571218 58.903683 10000.000000
 1638.000000 0.481075 1.891993 58.869120 10000.000000
 1639.000000 0.549669 6.417762 58.837710 10000.000000
 1640.000000 0.464876 0.941461 58.803675 10000.000000
 1641.000000 0.428831 0.200573 58.768567 10000.000000
 1642.000000 0.485451 2.619577 58.734070 10000.000000
 1643.000000 0.439529 0.498812 58.699540 10000.000000
 1644.000000 0.473976 2.315808 58.665012 10000.000000
 1645.000000 0.412751 0.030485 58.630199 10000.000000
 1646.000000 0.447590 0.852874 58.595398 10000.000000
 1647.000000 0.430729 0.239916 58.560713 10000.000000
 1648.000000 0.467335 1.990129 58.526208 10000.000000
 1649.000000 0.415788 0.044764 58.491518 10000.000000
 1650.000000 0.449924 0.974132 58.456844 10000.000000
 1651.000000 0.438808 0.472553 58.422160 10000.000000
 1652.000000 0.484121 2.602157 58.388126 10000.000000
 1653.000000 0.439815 0.509463 58.354209 10000.000000
 1654.000000 0.419279 0.072197 58.319795 10000.000000
 1655.000000 0.460485 1.590398 58.285303 10000.000000
 1656.000000 0.442035 0.597162 58.251150 10000.000000
 1657.000000 0.483601 2.594776 58.217273 10000.000000
 1658.000000 0.424878 0.134683 58.183488 10000.000000
 1659.000000 0.467040 1.973901 58.149172 10000.000000
 1660.000000 0.404212 0.009146 58.115375 10000.000000
 1661.000000 0.439527 0.708904 58.081222 10000.000000
 1662.000000 0.416802 0.870145 58.047317 10000.000000
 1663.000000 0.465329 1.886853 58.013632 10000.000000
 1664.000000 0.427935 0.678210 57.979812 10000.000000
 1665.000000 0.441171 0.743173 57.945802 10000.000000
 1666.000000 0.434977 0.654480 57.911812 10000.000000
 1667.000000 0.493732 2.623171 57.878186 10000.000000
 1668.000000 0.481413 2.554921 57.845185 10000.000000
 1669.000000 0.448203 0.972960 57.811792 10000.000000
 1670.000000 0.488897 2.638259 57.778335 10000.000000
 1671.000000 0.447426 0.941439 57.745185 10000.000000
 1672.000000 0.491308 2.635593 57.711869 10000.000000
 1673.000000 0.461531 1.669514 57.678495 10000.000000
 1674.000000 0.451778 1.136508 57.644993 10000.000000
 1675.000000 0.421938 0.772496 57.611636 10000.000000
 1676.000000 0.480723 2.538341 57.578368 10000.000000
 1677.000000 0.455413 1.324525 57.545017 10000.000000
 1678.000000 0.452661 1.180385 57.511785 10000.000000
 1679.000000 0.449377 1.023118 57.478361 10000.000000
 1680.000000 0.446565 0.908162 57.444941 10000.000000
 1681.000000 0.424574 1.224258 57.411909 10000.000000
 1682.000000 0.483420 2.759156 57.378911 10000.000000
 1683.000000 0.427815 1.267901 57.346258 10000.000000
 1684.000000 0.441564 1.637407 57.313623 10000.000000
 1685.000000 0.454812 2.130759 57.280625 10000.000000
 1686.000000 0.422861 1.207623 57.247923 10000.000000
 1687.000000 0.445625 1.785888 57.215163 10000.000000
 1688.000000 0.466424 2.505172 57.182757 10000.000000
 1689.000000 0.451909 2.023924 57.150259 10000.000000
 1690.000000 0.446737 1.827617 57.117482 10000.000000
 1691.000000 0.431961 1.349300 57.084973 10000.000000
 1692.000000 0.444449 1.742075 57.052258 10000.000000
 1693.000000 0.443133 1.693735 57.019590 10000.000000
 1694.000000 0.434791 1.421224 56.987413 10000.000000
 1695.000000 0.467008 2.520838 56.954882 10000.000000
 1696.000000 0.417813 1.174779 56.922575 10000.000000
 1697.000000 0.451906 2.023799 56.890066 10000.000000
 1698.000000 0.460161 2.315535 56.857678 10000.000000
 1699.000000 0.428589 1.280865 56.825552 10000.000000
 1700.000000 0.427961 1.270273 56.793205 10000.000000
 1701.000000 0.446259 2.389017 56.761229 10000.000000
 1702.000000 0.473744 2.735079 56.729541 10000.000000
 1703.000000 0.456268 2.506219 56.697932 10000.000000
 1704.000000 0.514610 2.615820 56.666301 10000.000000
 1705.000000 0.441681 2.337400 56.634673 10000.000000
 1706.000000 0.448809 2.417141 56.603015 10000.000000
 1707.000000 0.454578 2.485451 56.571409 10000.000000
 1708.000000 0.469934 2.690787 56.539815 10000.000000
 1709.000000 0.447289 2.400388 56.508424 10000.000000
 1710.000000 0.450929 2.442534 56.476866 10000.000000
 1711.000000 0.449185 2.421287 56.445500 10000.000000
 1712.000000 0.445295 2.378333 56.414097 10000.000000
 1713.000000 0.470937 2.703350 56.382655 10000.000000
 1714.000000 0.450900 2.442201 56.351372 10000.000000
 1715.000000 0.422761 2.057964 56.320125 10000.000000
 1716.000000 0.474095 2.738603 56.288853 10000.000000
 1717.000000 0.466286 2.641815 56.257777 10000.000000
 1718.000000 0.450277 2.433358 56.226589 10000.000000
 1719.000000 0.449674 2.426683 56.195476 10000.000000
 1720.000000 0.474865 2.745923 56.164529 10000.000000
 1721.000000 0.449279 2.757370 56.133668 10000.000000
 1722.000000 0.444258 2.602218 56.102690 10000.000000
 1723.000000 0.440720 2.503012 56.071631 10000.000000
 1724.000000 0.441692 2.529432 56.040619 10000.000000
 1725.000000 0.422382 2.074814 56.009890 10000.000000
 1726.000000 0.418881 1.991944 55.978742 10000.000000
 1727.000000 0.466958 3.353399 55.947800 10000.000000
 1728.000000 0.451485 2.832401 55.917330 10000.000000
 1729.000000 0.439798 2.478486 55.886895 10000.000000
 1730.000000 0.447106 2.688221 55.856186 10000.000000
 1731.000000 0.419280 2.001704 55.825445 10000.000000
 1732.000000 0.434730 2.352409 55.794709 10000.000000
 1733.000000 0.442428 2.549858 55.763963 10000.000000
 1734.000000 0.439987 2.483460 55.733380 10000.000000
 1735.000000 0.430049 2.245467 55.703005 10000.000000
 1736.000000 0.444682 2.614681 55.672448 10000.000000
 1737.000000 0.443761 2.587777 55.642077 10000.000000
 1738.000000 0.479880 3.511840 55.611956 10000.000000
 1739.000000 0.466266 3.333899 55.582133 10000.000000
 1740.000000 0.449325 2.758835 55.551780 10000.000000
 1741.000000 0.387742 0.847038 55.521362 10000.000000
