#! FIELDS time dist wtm.bias wtm.acc wtm.pace
 0.000000 0.959812 0.000000 1.000000 500.000000
 1.000000 0.883868 0.000000 1.000000 500.000000
 2.000000 0.939090 0.022107 1.139683 500.000000
 3.000000 0.925371 0.904726 1.247652 500.000000
 4.000000 0.923585 1.787689 1.416263 500.000000
 5.000000 0.911328 2.176991 1.613046 1000.000000
 6.000000 0.988273 0.059480 1.803632 1000.000000
 7.000000 0.908721 2.854292 1.853216 1000.000000
 8.000000 0.879950 1.375063 2.010816 1000.000000
 9.000000 0.974261 1.075748 2.093766 1000.000000
 10.000000 0.950512 1.890661 2.046465 1000.000000
 11.000000 0.950127 2.744884 2.207133 1000.000000
 12.000000 0.945494 3.059543 2.207136 1000.000000
 13.000000 0.892575 2.732203 2.349090 1000.000000
 14.000000 0.918057 3.877436 2.373335 1000.000000
 15.000000 0.877760 2.231848 2.437726 1000.000000
 16.000000 0.945871 4.028446 2.578865 1500.000000
 17.000000 0.936552 5.249170 2.779252 1500.000000
 18.000000 0.851974 0.620677 2.791541 1500.000000
 19.000000 0.905874 3.930979 2.831887 1500.000000
 20.000000 0.867688 2.266911 2.846657 1500.000000
 21.000000 0.993839 1.140624 2.911424 1500.000000
 22.000000 0.949319 4.456256 2.902476 1500.000000
 23.000000 0.937465 5.234793 3.112762 1500.000000
 24.000000 0.923309 5.114461 3.247344 1500.000000
 25.000000 0.964292 3.184779 3.350369 1500.000000
 26.000000 0.947002 4.952449 3.415516 1500.000000
 27.000000 0.866365 2.223345 3.528559 2000.000000
 28.000000 0.903365 4.268290 3.554502 2000.000000
 29.000000 0.911756 5.527071 3.647230 2000.000000
 30.000000 0.879287 3.712833 3.829926 2000.000000
 31.000000 0.943740 5.344336 3.936181 2000.000000
 32.000000 0.955771 4.031639 3.949700 2000.000000
 33.000000 0.996773 1.998569 3.980884 2000.000000
 34.000000 0.994976 2.087479 3.932126 2000.000000
 35.000000 0.958503 4.399518 3.983084 2000.000000
 36.000000 0.904981 5.062716 4.052668 2000.000000
 37.000000 0.956479 4.643124 4.147270 2000.000000
 38.000000 0.951831 5.169290 4.144830 2000.000000
 39.000000 0.973934 3.037028 4.149991 2000.000000
 40.000000 0.942330 6.113490 4.151255 2000.000000
 41.000000 0.853181 2.313144 4.317562 2000.000000
 42.000000 0.890742 4.660333 4.283528 2000.000000
 43.000000 0.897783 5.168593 4.345536 2000.000000
 44.000000 0.925476 7.114245 4.522681 2500.000000
 45.000000 0.898351 5.408505 4.763211 2500.000000
 46.000000 0.944527 6.813397 4.919274 2500.000000
 47.000000 0.937459 7.475498 4.991346 2500.000000
 48.000000 0.950227 6.096661 5.194162 2500.000000
 49.000000 0.953427 5.652620 5.298591 2500.000000
 50.000000 0.944595 6.805600 5.306217 2500.000000
 51.000000 0.964952 4.403748 5.445300 2500.000000
 52.000000 0.945323 7.226413 5.441674 2500.000000
 53.000000 0.968548 3.950725 5.531466 3000.000000
 54.000000 0.951566 6.387698 5.550360 3000.000000
 55.000000 0.985548 2.729911 5.621607 3000.000000
 56.000000 0.963443 5.052341 5.602985 3000.000000
 57.000000 0.986963 2.643281 5.582643 3000.000000
 58.000000 0.974094 3.654877 5.556867 3000.000000
 59.000000 0.991039 2.404841 5.626364 3000.000000
 60.000000 0.981348 3.014316 5.587518 3000.000000
 61.000000 0.976917 4.098448 5.639935 3000.000000
 62.000000 0.921139 8.158645 5.876809 3000.000000
 63.000000 0.919331 8.032877 6.027844 3000.000000
 64.000000 0.916696 7.824550 6.368131 3000.000000
 65.000000 0.929835 8.525193 6.672946 3500.000000
 66.000000 0.970768 4.676727 6.771319 3500.000000
 67.000000 0.972114 4.538818 6.841244 3500.000000
 68.000000 0.993885 2.849556 6.770032 3500.000000
 69.000000 0.912814 7.480906 6.976067 3500.000000
 70.000000 0.974208 4.336545 7.086719 3500.000000
 71.000000 0.864242 3.239257 7.179699 3500.000000
 72.000000 0.937255 8.553180 7.329475 3500.000000
 73.000000 0.893594 5.586473 7.508165 4000.000000
 74.000000 0.890392 5.297422 7.522243 4000.000000
 75.000000 0.972518 5.143940 7.633526 4000.000000
 76.000000 0.972884 5.109042 7.784204 4000.000000
 77.000000 0.975688 4.849776 7.835403 4000.000000
 78.000000 0.982063 4.299240 7.821892 4000.000000
 79.000000 0.958187 6.730744 7.823483 4000.000000
 80.000000 0.953892 7.239208 7.815181 4000.000000
 81.000000 0.897564 5.972523 8.047570 4000.000000
 82.000000 0.865223 3.315122 7.994312 4000.000000
 83.000000 0.912627 7.526651 8.005422 4000.000000
 84.000000 0.894699 5.695429 8.078996 4000.000000
 85.000000 0.926312 8.654294 8.203519 4000.000000
 86.000000 0.931471 8.864890 8.383286 4000.000000
 87.000000 0.926119 8.643494 8.615681 4500.000000
 88.000000 1.002939 2.360956 8.678501 4500.000000
 89.000000 0.951780 7.957968 8.705853 4500.000000
 90.000000 0.997191 2.966323 8.737325 4500.000000
 91.000000 0.945223 8.576835 8.803854 4500.000000
 92.000000 0.886503 4.966122 8.934793 4500.000000
 93.000000 0.945242 8.575576 8.981596 4500.000000
 94.000000 0.925330 8.597335 9.169021 4500.000000
 95.000000 0.993075 4.124393 9.262421 4500.000000
 96.000000 0.979042 5.268137 9.240681 4500.000000
 97.000000 0.917951 8.036482 9.324369 4500.000000
 98.000000 0.900513 6.268227 9.332875 4500.000000
 99.000000 0.989210 4.470484 9.417413 4500.000000
 100.000000 0.912559 7.519866 9.560670 5000.000000
 101.000000 0.892382 5.479728 9.558613 5000.000000
 102.000000 0.901231 6.341523 9.569042 5000.000000
 103.000000 0.872375 3.860316 9.536659 5000.000000
 104.000000 0.930229 8.839721 9.646528 5000.000000
 105.000000 0.931213 8.870916 9.886105 5000.000000
 106.000000 0.882772 4.660371 9.983525 5000.000000
 107.000000 0.881480 4.558564 9.992504 5000.000000
 108.000000 0.908969 7.149752 10.037249 5000.000000
 109.000000 0.982505 5.607318 10.160022 5000.000000
 110.000000 1.002606 3.622521 10.109922 5000.000000
 111.000000 0.939736 8.884262 10.149528 5000.000000
 112.000000 0.901265 6.345001 10.224074 5000.000000
 113.000000 0.895211 5.744112 10.224033 5000.000000
 114.000000 0.912273 7.490992 10.234170 5000.000000
 115.000000 0.959904 7.408032 10.331049 5000.000000
 116.000000 0.901410 6.359915 10.414410 5000.000000
 117.000000 0.961213 7.290742 10.531006 5500.000000
 118.000000 0.951803 8.150790 10.618488 5500.000000
 119.000000 0.952884 8.055712 10.680672 5500.000000
 120.000000 0.956718 7.702013 10.733508 5500.000000
 121.000000 0.938744 8.907131 10.928624 5500.000000
 122.000000 0.888635 5.164760 10.982073 5500.000000
 123.000000 0.993707 5.326377 11.042963 5500.000000
 124.000000 0.947628 8.857488 11.059214 5500.000000
 125.000000 0.905232 6.858843 11.094212 5500.000000
 126.000000 0.946446 8.948277 11.249285 5500.000000
 127.000000 0.985119 5.931316 11.264631 5500.000000
 128.000000 0.984614 5.958208 11.311756 5500.000000
 129.000000 0.958130 7.826833 11.307252 5500.000000
 130.000000 0.841115 1.425811 11.386629 5500.000000
 131.000000 0.824381 0.481530 11.309282 5500.000000
 132.000000 0.883734 4.747392 11.245115 5500.000000
 133.000000 0.933988 9.352937 11.336323 5500.000000
 134.000000 0.902528 6.954099 11.527106 6000.000000
 135.000000 0.870619 4.229791 11.498682 6000.000000
 136.000000 0.924190 8.923018 11.507902 6000.000000
 137.000000 0.881281 5.166257 11.627933 6000.000000
 138.000000 0.872199 4.374903 11.572980 6000.000000
 139.000000 0.883296 5.333024 11.523173 6000.000000
 140.000000 0.883446 5.345270 11.490689 6000.000000
 141.000000 0.857207 2.941825 11.453227 6000.000000
 142.000000 0.923379 8.864926 11.479831 6000.000000
 143.000000 0.963990 7.238998 11.638492 6000.000000
 144.000000 0.949670 8.686361 11.684858 6000.000000
 145.000000 0.901860 6.917076 11.841761 6000.000000
 146.000000 0.928631 9.427981 12.001998 6000.000000
 147.000000 0.940099 9.667971 12.183640 6000.000000
 148.000000 0.909434 7.665519 12.261085 6000.000000
 149.000000 0.965377 7.420855 12.422845 6000.000000
 150.000000 0.973840 6.701666 12.451537 6000.000000
 151.000000 0.894132 6.227708 12.558081 6500.000000
 152.000000 0.849215 2.181120 12.517723 6500.000000
 153.000000 0.949000 9.164319 12.579341 6500.000000
 154.000000 0.967538 7.211969 12.710112 6500.000000
 155.000000 0.950117 9.064107 12.757410 6500.000000
 156.000000 0.938728 9.691661 12.896594 6500.000000
 157.000000 0.921423 9.130072 12.965887 6500.000000
 158.000000 0.962675 7.887830 13.112893 6500.000000
 159.000000 0.998003 4.913220 13.079549 6500.000000
 160.000000 0.964838 7.636828 13.078622 6500.000000
 161.000000 0.901058 6.906299 13.207102 6500.000000
 162.000000 0.922995 9.284713 13.255688 6500.000000
 163.000000 0.930335 9.868442 13.503371 7000.000000
 164.000000 0.880073 5.070804 13.488203 7000.000000
 165.000000 0.915912 8.529534 13.585462 7000.000000
 166.000000 0.894243 6.268980 13.662425 7000.000000
 167.000000 0.891329 6.015821 13.637245 7000.000000
 168.000000 0.902466 7.047475 13.669243 7000.000000
 169.000000 0.921281 9.432580 13.811758 7000.000000
 170.000000 0.937135 10.187378 14.058119 7000.000000
 171.000000 0.987469 5.885920 14.160617 7000.000000
 172.000000 0.978123 6.481417 14.136500 7000.000000
 173.000000 0.967073 7.396880 14.133238 7000.000000
 174.000000 0.885150 5.837250 14.220396 7000.000000
 175.000000 0.916118 8.943670 14.213861 7000.000000
 176.000000 0.892038 6.507348 14.375443 7000.000000
 177.000000 0.958836 8.367475 14.480696 7000.000000
 178.000000 0.904001 7.698505 14.572962 7500.000000
 179.000000 0.927474 9.903619 14.566333 7500.000000
 180.000000 0.980260 6.346981 14.629733 7500.000000
 181.000000 0.970883 7.501789 14.735274 7500.000000
 182.000000 0.978352 6.993618 14.727406 7500.000000
 183.000000 0.941600 10.153834 14.867826 7500.000000
 184.000000 0.987299 6.395390 14.871264 7500.000000
 185.000000 0.966241 7.899400 14.916064 7500.000000
 186.000000 0.962556 8.265179 15.000149 7500.000000
 187.000000 0.929467 10.035708 15.113089 7500.000000
 188.000000 0.887100 6.027420 15.183131 7500.000000
 189.000000 0.884380 5.760764 15.139851 7500.000000
 190.000000 0.972505 7.380411 15.227850 7500.000000
 191.000000 0.967687 7.767685 15.251088 7500.000000
 192.000000 0.952260 9.375824 15.420271 7500.000000
 193.000000 0.956017 8.975545 15.542906 8000.000000
 194.000000 0.925123 9.755324 15.715858 8000.000000
 195.000000 0.975054 7.202929 15.812031 8000.000000
 196.000000 1.009465 3.539603 15.781996 8000.000000
 197.000000 0.878328 5.158325 15.819498 8000.000000
 198.000000 0.843120 1.656978 15.770674 8000.000000
 199.000000 0.849393 2.211907 15.700148 8000.000000
 200.000000 0.839955 1.402669 15.632882 8000.000000
 201.000000 0.845369 1.848113 15.562844 8000.000000
 202.000000 0.862132 3.486080 15.513440 8000.000000
 203.000000 0.782262 0.002162 15.449684 8000.000000
 204.000000 0.852568 2.513341 15.381659 8000.000000
 205.000000 0.853908 2.646933 15.339491 8000.000000
 206.000000 0.839191 1.344901 15.274970 8000.000000
 207.000000 0.918541 9.186262 15.241937 8000.000000
 208.000000 0.983649 6.658920 15.304642 8000.000000
 209.000000 0.827446 0.621796 15.347547 8000.000000
 210.000000 0.857603 3.020214 15.281901 8000.000000
 211.000000 0.854126 2.668439 15.222903 8000.000000
 212.000000 0.873893 4.707465 15.175683 8000.000000
 213.000000 0.916983 9.034167 15.221018 8000.000000
 214.000000 0.981817 7.290010 15.309750 8000.000000
 215.000000 0.919143 9.246371 15.432711 8000.000000
 216.000000 0.882701 5.595165 15.419959 8000.000000
 217.000000 0.926441 9.858573 15.448942 8000.000000
 218.000000 0.895642 6.859588 15.578193 8000.000000
 219.000000 0.894778 6.774809 15.569753 8000.000000
 220.000000 0.857556 3.015399 15.571542 8000.000000
 221.000000 0.897865 7.079145 15.518276 8000.000000
 222.000000 0.970631 7.936438 15.615577 8000.000000
 223.000000 0.961567 8.648327 15.669292 8000.000000
 224.000000 0.963695 8.459795 15.683399 8000.000000
 225.000000 0.948200 10.176782 15.820588 8000.000000
 226.000000 0.888769 6.189649 15.872866 8000.000000
 227.000000 0.815911 0.228382 15.822745 8000.000000
 228.000000 0.817771 0.273431 15.758012 8000.000000
 229.000000 0.836913 1.179894 15.695078 8000.000000
 230.000000 0.785558 0.003788 15.631572 8000.000000
 231.000000 0.766570 0.000000 15.568778 8000.000000
 232.000000 0.740443 0.000000 15.505981 8000.000000
 233.000000 0.775153 0.000000 15.443770 8000.000000
 234.000000 0.760783 0.000000 15.382044 8000.000000
 235.000000 0.758645 0.000000 15.320844 8000.000000
 236.000000 0.715507 0.000000 15.260163 8000.000000
 237.000000 0.714516 0.000000 15.199993 8000.000000
 238.000000 0.688353 0.000000 15.140329 8000.000000
 239.000000 0.655441 0.000000 15.081165 8000.000000
 240.000000 0.621928 0.000000 15.022493 8000.000000
 241.000000 0.580678 0.119198 14.965909 8000.000000
 242.000000 0.670724 0.050978 14.909094 8000.000000
 243.000000 0.633409 0.848089 14.852093 8000.000000
 244.000000 0.660600 0.154210 14.796018 8000.000000
 245.000000 0.636809 0.758188 14.740346 8000.000000
 246.000000 0.657488 0.205830 14.685786 8000.000000
 247.000000 0.733542 0.000000 14.630415 8000.000000
 248.000000 0.762908 0.000000 14.575453 8000.000000
 249.000000 0.760869 0.000000 14.520933 8000.000000
 250.000000 0.735089 0.000000 14.466850 8000.000000
 251.000000 0.757036 0.000000 14.413197 8000.000000
 252.000000 0.756636 0.000000 14.359970 8000.000000
 253.000000 0.770970 0.000000 14.307192 8000.000000
 254.000000 0.780045 0.000000 14.254801 8000.000000
 255.000000 0.778379 0.000000 14.202828 8000.000000
 256.000000 0.773452 0.000000 14.151262 8000.000000
 257.000000 0.729891 0.093303 14.100743 8000.000000
 258.000000 0.745312 0.371648 14.050316 8000.000000
 259.000000 0.778956 0.962834 14.000650 8000.000000
 260.000000 0.761633 0.839798 13.952317 8000.000000
 261.000000 0.746715 0.409196 13.903628 8000.000000
 262.000000 0.802053 0.405928 13.855408 8000.000000
 263.000000 0.804005 0.370474 13.807311 8000.000000
 264.000000 0.792611 0.643486 13.760043 8000.000000
 265.000000 0.748461 0.458099 13.712632 8000.000000
 266.000000 0.804525 0.362158 13.665851 8000.000000
 267.000000 0.724674 0.051096 13.619355 8000.000000
 268.000000 0.797920 0.499790 13.573081 8000.000000
 269.000000 0.814183 0.317654 13.527501 8000.000000
 270.000000 0.712151 0.009120 13.481501 8000.000000
 271.000000 0.728132 0.076737 13.435545 8000.000000
 272.000000 0.680946 0.012855 13.389861 8000.000000
 273.000000 0.718121 0.199283 13.345889 8000.000000
 274.000000 0.720485 0.171498 13.301162 8000.000000
 275.000000 0.687228 0.955483 13.257011 8000.000000
 276.000000 0.718083 0.199793 13.213849 8000.000000
 277.000000 0.759290 0.778246 13.170705 8000.000000
 278.000000 0.739554 0.251438 13.127365 8000.000000
 279.000000 0.599290 0.526997 13.085048 8000.000000
 280.000000 0.593764 0.371037 13.042019 8000.000000
 281.000000 0.607852 0.780618 13.000193 8000.000000
 282.000000 0.689494 0.914869 12.958713 8000.000000
 283.000000 0.750673 0.525073 12.917328 8000.000000
 284.000000 0.747004 0.421389 12.875844 8000.000000
 285.000000 0.721243 0.164330 12.834633 8000.000000
 286.000000 0.733072 0.163723 12.793710 8000.000000
 287.000000 0.785167 0.845906 12.753591 8000.000000
 288.000000 0.720783 0.168576 12.713593 8000.000000
 289.000000 0.769892 1.032528 12.674980 8000.000000
 290.000000 0.732037 0.994694 12.636350 8000.000000
 291.000000 0.733478 0.971257 12.598390 8000.000000
 292.000000 0.750375 0.845404 12.560090 8000.000000
 293.000000 0.809847 0.309805 12.521907 8000.000000
 294.000000 0.798239 0.491787 12.483634 8000.000000
 295.000000 0.760637 0.949443 12.445774 8000.000000
 296.000000 0.815482 0.328770 12.408336 8000.000000
 297.000000 0.800995 0.427720 12.370402 8000.000000
 298.000000 0.792278 0.653015 12.333699 8000.000000
 299.000000 0.769628 1.031717 12.296729 8000.000000
 300.000000 0.763733 0.986639 12.260601 8000.000000
 301.000000 0.758833 0.926526 12.224656 8000.000000
 302.000000 0.764604 0.995943 12.189054 8000.000000
 303.000000 0.699732 1.207539 12.154015 8000.000000
 304.000000 0.757697 0.912278 12.119156 8000.000000
 305.000000 0.718436 1.304506 12.085344 8000.000000
 306.000000 0.725720 1.347425 12.051247 8000.000000
 307.000000 0.778325 1.522566 12.018275 8000.000000
 308.000000 0.702889 1.229358 11.984641 8000.000000
 309.000000 0.713389 1.275693 11.951158 8000.000000
 310.000000 0.757344 1.820426 11.918527 8000.000000
 311.000000 0.752472 1.739074 11.886682 8000.000000
 312.000000 0.757551 1.823079 11.854806 8000.000000
 313.000000 0.777792 1.544558 11.822841 8000.000000
 314.000000 0.732037 1.395431 11.790709 8000.000000
 315.000000 0.745304 1.594004 11.759363 8000.000000
 316.000000 0.716926 1.295825 11.728127 8000.000000
 317.000000 0.751344 1.718550 11.696493 8000.000000
 318.000000 0.759409 1.843123 11.666074 8000.000000
 319.000000 0.760524 1.851564 11.635208 8000.000000
 320.000000 0.784648 1.232301 11.605127 8000.000000
 321.000000 0.783507 2.170393 11.576772 8000.000000
 322.000000 0.729350 1.391976 11.547502 8000.000000
 323.000000 0.749766 1.879435 11.518133 8000.000000
 324.000000 0.775378 2.430267 11.490068 8000.000000
 325.000000 0.737882 1.521347 11.460360 8000.000000
 326.000000 0.751393 1.941341 11.430895 8000.000000
 327.000000 0.750713 1.915280 11.401742 8000.000000
 328.000000 0.714306 1.282673 11.373909 8000.000000
 329.000000 0.751556 1.947614 11.344637 8000.000000
 330.000000 0.794513 1.539804 11.317596 8000.000000
 331.000000 0.751145 1.931792 11.289746 8000.000000
 332.000000 0.790058 1.817191 11.263182 8000.000000
 333.000000 0.785020 2.097681 11.236626 8000.000000
 334.000000 0.727873 1.377491 11.208882 8000.000000
 335.000000 0.719337 1.313958 11.180977 8000.000000
 336.000000 0.762806 2.346187 11.154350 8000.000000
 337.000000 0.739383 1.952889 11.127702 8000.000000
 338.000000 0.769706 3.207395 11.102645 8000.000000
 339.000000 0.724798 1.481618 11.077761 8000.000000
 340.000000 0.652505 0.677001 11.049935 8000.000000
 341.000000 0.681116 1.148767 11.021485 8000.000000
 342.000000 0.746093 2.305352 10.995826 8000.000000
 343.000000 0.695250 1.218205 10.969159 8000.000000
 344.000000 0.750468 2.559446 10.943061 8000.000000
 345.000000 0.725944 1.505362 10.916973 8000.000000
 346.000000 0.677859 1.105185 10.891610 8000.000000
 347.000000 0.700875 1.229689 10.864476 8000.000000
 348.000000 0.715210 1.334694 10.839032 8000.000000
 349.000000 0.742033 2.083516 10.813331 8000.000000
 350.000000 0.719643 1.392933 10.787764 8000.000000
 351.000000 0.693729 1.215569 10.762108 8000.000000
 352.000000 0.730329 1.614034 10.737831 8000.000000
 353.000000 0.712049 1.860088 10.715779 8000.000000
 354.000000 0.727701 2.388599 10.690947 8000.000000
 355.000000 0.714465 1.947256 10.669998 8000.000000
 356.000000 0.741512 2.784336 10.645999 8000.000000
 357.000000 0.734034 2.568551 10.624795 8000.000000
 358.000000 0.778963 2.959002 10.603194 8000.000000
 359.000000 0.743519 2.846476 10.582000 8000.000000
 360.000000 0.749934 3.054464 10.561205 8000.000000
 361.000000 0.713851 1.923613 10.540721 8000.000000
 362.000000 0.745277 2.902470 10.517135 8000.000000
 363.000000 0.723359 2.254592 10.496098 8000.000000
 364.000000 0.737842 2.675919 10.475658 8000.000000
 365.000000 0.760652 3.338031 10.456027 8000.000000
 366.000000 0.754249 3.188095 10.436393 8000.000000
 367.000000 0.755450 3.222433 10.417212 8000.000000
 368.000000 0.759607 3.320168 10.399203 8000.000000
 369.000000 0.723460 2.397861 10.381383 8000.000000
 370.000000 0.735049 2.934217 10.361843 8000.000000
 371.000000 0.764085 4.071426 10.341875 8000.000000
 372.000000 0.726551 2.537164 10.324658 8000.000000
 373.000000 0.746107 3.500178 10.308783 8000.000000
 374.000000 0.774017 3.756438 10.291961 8000.000000
 375.000000 0.767459 4.026590 10.273941 8000.000000
 376.000000 0.752214 3.795353 10.259049 8000.000000
 377.000000 0.796734 1.721520 10.242633 8000.000000
 378.000000 0.784975 2.868604 10.221629 8000.000000
 379.000000 0.794228 1.953212 10.201122 8000.000000
 380.000000 0.792267 2.143280 10.181948 8000.000000
 381.000000 0.781582 3.185698 10.160027 8000.000000
 382.000000 0.730098 2.699519 10.143177 8000.000000
 383.000000 0.759060 4.026251 10.126021 8000.000000
 384.000000 0.758423 4.011999 10.111445 8000.000000
 385.000000 0.780386 3.655012 10.097252 8000.000000
 386.000000 0.763433 4.721082 10.078404 8000.000000
 387.000000 0.743322 3.857944 10.062578 8000.000000
 388.000000 0.746885 4.106598 10.051006 8000.000000
 389.000000 0.756255 4.616085 10.037840 8000.000000
 390.000000 0.763494 4.720549 10.027174 8000.000000
 391.000000 0.699548 1.503180 10.010293 8000.000000
 392.000000 0.746339 4.069479 9.994310 8000.000000
 393.000000 0.677306 1.121834 9.974293 8000.000000
 394.000000 0.794043 2.107842 9.958322 8000.000000
 395.000000 0.779463 3.751475 9.945662 8000.000000
 396.000000 0.766699 4.656304 9.933771 8000.000000
 397.000000 0.770377 4.495344 9.919995 8000.000000
 398.000000 0.710908 1.897137 9.906009 8000.000000
 399.000000 0.679958 1.170450 9.884756 8000.000000
 400.000000 0.729141 2.884377 9.865819 8000.000000
 401.000000 0.651765 0.675657 9.846087 8000.000000
 402.000000 0.686444 1.345675 9.825095 8000.000000
 403.000000 0.692995 1.515351 9.805679 8000.000000
 404.000000 0.662427 0.798688 9.785130 8000.000000
 405.000000 0.699486 1.751118 9.764758 8000.000000
 406.000000 0.665235 0.859049 9.745167 8000.000000
 407.000000 0.595388 0.414612 9.724715 8000.000000
 408.000000 0.592709 0.343978 9.703903 8000.000000
 409.000000 0.603742 0.661403 9.683548 8000.000000
 410.000000 0.628509 0.979413 9.663345 8000.000000
 411.000000 0.627594 0.989112 9.643363 8000.000000
 412.000000 0.660853 0.768676 9.623276 8000.000000
 413.000000 0.644172 0.722949 9.603346 8000.000000
 414.000000 0.691595 1.475609 9.583559 8000.000000
 415.000000 0.644804 0.715003 9.564042 8000.000000
 416.000000 0.631500 0.938781 9.544318 8000.000000
 417.000000 0.591513 0.437970 9.524833 8000.000000
 418.000000 0.617675 1.701122 9.506474 8000.000000
 419.000000 0.643542 1.490720 9.488119 8000.000000
 420.000000 0.601386 0.883073 9.469338 8000.000000
 421.000000 0.670301 1.119062 9.451066 8000.000000
 422.000000 0.630506 1.862715 9.432804 8000.000000
 423.000000 0.585478 0.254454 9.413616 8000.000000
 424.000000 0.605168 1.086497 9.394846 8000.000000
 425.000000 0.635159 1.771208 9.377502 8000.000000
 426.000000 0.642819 1.517321 9.359742 8000.000000
 427.000000 0.678062 1.225539 9.341801 8000.000000
 428.000000 0.639659 1.631165 9.323781 8000.000000
 429.000000 0.641618 1.561264 9.306828 8000.000000
 430.000000 0.677286 1.213682 9.288967 8000.000000
 431.000000 0.658824 1.091703 9.271249 8000.000000
 432.000000 0.693156 1.528108 9.254981 8000.000000
 433.000000 0.687803 2.224215 9.238250 8000.000000
 434.000000 0.716734 3.222666 9.224132 8000.000000
 435.000000 0.669174 1.525255 9.210258 8000.000000
 436.000000 0.722026 3.467148 9.200303 8000.000000
 437.000000 0.657439 1.280512 9.185964 8000.000000
 438.000000 0.680928 1.982524 9.169486 8000.000000
 439.000000 0.710108 2.937892 9.153557 8000.000000
 440.000000 0.717876 3.274549 9.142308 8000.000000
 441.000000 0.754453 4.887492 9.133372 8000.000000
 442.000000 0.721693 3.451539 9.124536 8000.000000
 443.000000 0.689644 2.282784 9.112703 8000.000000
 444.000000 0.682515 2.041653 9.099459 8000.000000
 445.000000 0.741783 4.405736 9.085746 8000.000000
 446.000000 0.693030 2.382396 9.074112 8000.000000
 447.000000 0.728179 3.757739 9.062035 8000.000000
 448.000000 0.686975 2.194720 9.048999 8000.000000
 449.000000 0.709213 3.335101 9.037413 8000.000000
 450.000000 0.713792 3.417386 9.026206 8000.000000
 451.000000 0.708805 3.329101 9.014923 8000.000000
 452.000000 0.752820 4.849916 9.007974 8000.000000
 453.000000 0.700299 3.237323 8.999067 8000.000000
 454.000000 0.770484 4.577712 8.989606 8000.000000
 455.000000 0.678901 2.643793 8.980393 8000.000000
 456.000000 0.744271 4.533912 8.970530 8000.000000
 457.000000 0.710099 3.348849 8.963057 8000.000000
 458.000000 0.747360 4.663382 8.956151 8000.000000
 459.000000 0.746523 4.629350 8.949760 8000.000000
 460.000000 0.744260 4.533432 8.941423 8000.000000
 461.000000 0.725676 3.762606 8.935150 8000.000000
 462.000000 0.739136 4.307042 8.925287 8000.000000
 463.000000 0.758607 4.942219 8.919073 8000.000000
 464.000000 0.686436 2.979567 8.911925 8000.000000
 465.000000 0.730351 4.003795 8.901391 8000.000000
 466.000000 0.749615 4.754413 8.894190 8000.000000
 467.000000 0.657921 1.829806 8.884084 8000.000000
 468.000000 0.743827 4.526676 8.875763 8000.000000
 469.000000 0.708126 3.731564 8.866361 8000.000000
 470.000000 0.693524 3.854136 8.859631 8000.000000
 471.000000 0.748774 4.724174 8.852609 8000.000000
 472.000000 0.719699 3.755021 8.843997 8000.000000
 473.000000 0.792202 2.315518 8.837689 8000.000000
 474.000000 0.782278 3.473307 8.828575 8000.000000
 475.000000 0.726640 3.895492 8.821580 8000.000000
 476.000000 0.726642 3.895536 8.812608 8000.000000
 477.000000 0.741385 4.423883 8.805757 8000.000000
 478.000000 0.780151 3.708775 8.797433 8000.000000
 479.000000 0.730118 3.996393 8.792608 8000.000000
 480.000000 0.719951 3.758534 8.786238 8000.000000
 481.000000 0.684171 3.771133 8.776303 8000.000000
 482.000000 0.741973 4.822846 8.771174 8000.000000
 483.000000 0.683616 3.738850 8.764294 8000.000000
 484.000000 0.671432 2.797307 8.751622 8000.000000
 485.000000 0.712959 4.353661 8.745178 8000.000000
 486.000000 0.762290 4.991185 8.740648 8000.000000
 487.000000 0.813245 0.717794 8.730135 8000.000000
 488.000000 0.827084 0.736504 8.716028 8000.000000
 489.000000 0.802746 1.286728 8.702415 8000.000000
 490.000000 0.765167 4.897042 8.695420 8000.000000
 491.000000 0.757417 5.054971 8.687465 8000.000000
 492.000000 0.781609 3.554858 8.679202 8000.000000
 493.000000 0.762286 4.991275 8.668312 8000.000000
 494.000000 0.803786 1.207886 8.661503 8000.000000
 495.000000 0.788714 2.722075 8.649756 8000.000000
 496.000000 0.759211 5.043230 8.645028 8000.000000
 497.000000 0.749983 5.531713 8.641070 8000.000000
 498.000000 0.708374 4.333587 8.637942 8000.000000
 499.000000 0.734396 4.951594 8.632458 8000.000000
 500.000000 0.731260 4.845276 8.631756 8000.000000
 501.000000 0.742830 5.272740 8.630177 8000.000000
 502.000000 0.738689 5.110413 8.629071 8000.000000
 503.000000 0.799271 1.666825 8.623061 8000.000000
 504.000000 0.807546 0.994532 8.611814 8000.000000
 505.000000 0.778445 4.279781 8.600978 8000.000000
 506.000000 0.759971 5.637428 8.599070 8000.000000
 507.000000 0.714517 4.422682 8.598260 8000.000000
 508.000000 0.745444 5.374242 8.594727 8000.000000
 509.000000 0.800589 1.537136 8.594648 8000.000000
 510.000000 0.778989 4.212256 8.583828 8000.000000
 511.000000 0.722391 4.590814 8.578378 8000.000000
 512.000000 0.736729 5.036193 8.574641 8000.000000
 513.000000 0.744621 5.901162 8.577212 8000.000000
 514.000000 0.763188 5.809996 8.581924 8000.000000
 515.000000 0.729559 5.357347 8.585983 8000.000000
 516.000000 0.705259 4.475791 8.585113 8000.000000
 517.000000 0.731062 5.418757 8.582248 8000.000000
 518.000000 0.657159 1.803257 8.574701 8000.000000
 519.000000 0.683849 3.770876 8.563897 8000.000000
 520.000000 0.698680 4.332182 8.557851 8000.000000
 521.000000 0.672212 2.868096 8.547755 8000.000000
 522.000000 0.722635 5.067850 8.541156 8000.000000
 523.000000 0.715158 4.771545 8.541134 8000.000000
 524.000000 0.710128 4.604202 8.535510 8000.000000
 525.000000 0.753505 6.042393 8.534260 8000.000000
 526.000000 0.724671 5.153255 8.535354 8000.000000
 527.000000 0.747625 5.974679 8.536780 8000.000000
 528.000000 0.719067 4.921437 8.534837 8000.000000
 529.000000 0.744707 6.171990 8.536593 8000.000000
 530.000000 0.730125 5.904672 8.541140 8000.000000
 531.000000 0.677179 3.358975 8.542162 8000.000000
 532.000000 0.706768 5.017986 8.536564 8000.000000
 533.000000 0.690262 4.308239 8.533728 8000.000000
 534.000000 0.746601 6.188596 8.536007 8000.000000
 535.000000 0.670964 2.793476 8.530164 8000.000000
 536.000000 0.711736 5.224379 8.527512 8000.000000
 537.000000 0.676242 3.275324 8.523642 8000.000000
 538.000000 0.697410 4.643364 8.520009 8000.000000
 539.000000 0.741724 6.135645 8.515043 8000.000000
 540.000000 0.687694 4.157011 8.517343 8000.000000
 541.000000 0.708251 5.078788 8.512725 8000.000000
 542.000000 0.684986 3.980515 8.508350 8000.000000
 543.000000 0.704409 4.922827 8.507216 8000.000000
 544.000000 0.619585 1.769923 8.497103 8000.000000
 545.000000 0.741020 6.125547 8.493049 8000.000000
 546.000000 0.683522 3.881725 8.489730 8000.000000
 547.000000 0.763916 5.818359 8.489250 8000.000000
 548.000000 0.781944 3.884258 8.481499 8000.000000
 549.000000 0.753773 6.178013 8.486421 8000.000000
 550.000000 0.759835 6.025503 8.491596 8000.000000
 551.000000 0.712970 5.276419 8.494180 8000.000000
 552.000000 0.760194 6.011130 8.494928 8000.000000
 553.000000 0.772671 5.059321 8.492374 8000.000000
 554.000000 0.677755 3.421896 8.490965 8000.000000
 555.000000 0.721830 5.639178 8.490079 8000.000000
 556.000000 0.692187 4.409287 8.486589 8000.000000
 557.000000 0.784517 3.526871 8.485666 8000.000000
 558.000000 0.728189 5.850987 8.486798 8000.000000
 559.000000 0.694383 4.512029 8.485642 8000.000000
 560.000000 0.722179 5.652125 8.484784 8000.000000
 561.000000 0.749060 6.430314 8.486309 8000.000000
 562.000000 0.635901 2.426837 8.483218 8000.000000
 563.000000 0.725690 6.332977 8.483741 8000.000000
 564.000000 0.696332 4.844202 8.486382 8000.000000
 565.000000 0.686224 4.179198 8.483039 8000.000000
 566.000000 0.761655 6.026300 8.482522 8000.000000
 567.000000 0.732954 6.465297 8.488898 8000.000000
 568.000000 0.724128 6.286652 8.497299 8000.000000
 569.000000 0.722998 6.249029 8.502786 8000.000000
 570.000000 0.677397 3.437287 8.503039 8000.000000
 571.000000 0.724808 6.307620 8.502252 8000.000000
 572.000000 0.704205 5.293652 8.509094 8000.000000
 573.000000 0.716955 5.994339 8.513346 8000.000000
 574.000000 0.791400 2.589308 8.515018 8000.000000
 575.000000 0.698440 4.966227 8.514576 8000.000000
 576.000000 0.715609 5.927304 8.516245 8000.000000
 577.000000 0.679733 3.758376 8.517122 8000.000000
 578.000000 0.709844 6.143770 8.511569 8000.000000
 579.000000 0.672373 3.026668 8.508878 8000.000000
 580.000000 0.698194 5.329994 8.501711 8000.000000
 581.000000 0.684984 4.256030 8.496055 8000.000000
 582.000000 0.695178 5.103532 8.496959 8000.000000
 583.000000 0.694219 5.029732 8.492753 8000.000000
 584.000000 0.692642 4.905975 8.499492 8000.000000
 585.000000 0.684581 4.219356 8.492399 8000.000000
 586.000000 0.688821 4.594648 8.489058 8000.000000
 587.000000 0.695297 5.112652 8.480353 8000.000000
 588.000000 0.698299 5.337726 8.476735 8000.000000
 589.000000 0.720377 6.685587 8.476246 8000.000000
 590.000000 0.781040 4.016762 8.477124 8000.000000
 591.000000 0.731109 6.852590 8.480169 8000.000000
 592.000000 0.714951 6.445304 8.490337 8000.000000
 593.000000 0.676172 3.483617 8.498410 8000.000000
 594.000000 0.700129 5.869828 8.491200 8000.000000
 595.000000 0.687027 4.636463 8.486018 8000.000000
 596.000000 0.740276 6.984352 8.495168 8000.000000
 597.000000 0.753097 6.537288 8.508649 8000.000000
 598.000000 0.774606 4.869408 8.515756 8000.000000
 599.000000 0.751439 6.602892 8.516769 8000.000000
 600.000000 0.785305 3.423406 8.522154 8000.000000
 601.000000 0.761875 6.085106 8.513174 8000.000000
 602.000000 0.685592 4.489159 8.514336 8000.000000
 603.000000 0.695206 5.427681 8.518615 8000.000000
 604.000000 0.701579 5.995130 8.529370 8000.000000
 605.000000 0.677106 3.584724 8.526354 8000.000000
 606.000000 0.723223 7.251436 8.530309 8000.000000
 607.000000 0.719966 7.178800 8.545068 8000.000000
 608.000000 0.706317 6.387112 8.552568 8000.000000
 609.000000 0.731734 7.454451 8.569597 8000.000000
 610.000000 0.741657 7.049875 8.584194 8000.000000
 611.000000 0.742588 7.010282 8.598572 8000.000000
 612.000000 0.723859 7.618550 8.609068 8000.000000
 613.000000 0.696368 6.000151 8.622055 8000.000000
 614.000000 0.685201 4.750889 8.630409 8000.000000
 615.000000 0.708685 7.091228 8.628668 8000.000000
 616.000000 0.772931 5.072202 8.643038 8000.000000
 617.000000 0.697577 6.122928 8.652990 8000.000000
 618.000000 0.703782 6.704479 8.666926 8000.000000
 619.000000 0.780962 4.029802 8.676157 8000.000000
 620.000000 0.736822 7.256721 8.680341 8000.000000
 621.000000 0.712334 7.320594 8.697379 8000.000000
 622.000000 0.790319 2.732479 8.704065 8000.000000
 623.000000 0.734524 7.350872 8.712304 8000.000000
 624.000000 0.635560 2.441354 8.717957 8000.000000
 625.000000 0.676186 3.754075 8.714913 8000.000000
 626.000000 0.695676 5.937102 8.711592 8000.000000
 627.000000 0.673459 3.460889 8.706841 8000.000000
 628.000000 0.757765 6.343951 8.714100 8000.000000
 629.000000 0.738623 7.180089 8.727022 8000.000000
 630.000000 0.710945 7.240006 8.745213 8000.000000
 631.000000 0.744568 6.927106 8.758191 8000.000000
 632.000000 0.676208 3.756565 8.771566 8000.000000
 633.000000 0.684113 4.661905 8.763983 8000.000000
 634.000000 0.688479 5.160699 8.759260 8000.000000
 635.000000 0.744573 6.926901 8.770915 8000.000000
 636.000000 0.706269 6.912023 8.775710 8000.000000
 637.000000 0.743688 6.963890 8.784427 8000.000000
 638.000000 0.723471 7.619834 8.789608 8000.000000
 639.000000 0.707323 6.991880 8.801535 8000.000000
 640.000000 0.722919 7.620368 8.814332 8000.000000
 641.000000 0.729007 7.982039 8.838079 8000.000000
 642.000000 0.772217 5.177022 8.858897 8000.000000
 643.000000 0.720881 8.072291 8.862294 8000.000000
 644.000000 0.722975 8.086290 8.878679 8000.000000
 645.000000 0.735517 7.692957 8.896689 8000.000000
 646.000000 0.760602 6.258487 8.914254 8000.000000
 647.000000 0.758172 6.420507 8.917138 8000.000000
 648.000000 0.734978 7.721227 8.937932 8000.000000
 649.000000 0.730748 7.918433 8.952228 8000.000000
 650.000000 0.736847 7.621265 8.975651 8000.000000
 651.000000 0.712546 7.739435 8.985320 8000.000000
 652.000000 0.723537 8.085352 8.992411 8000.000000
 653.000000 0.787728 3.086974 8.998590 8000.000000
 654.000000 0.767546 5.678156 8.990468 8000.000000
 655.000000 0.722031 8.083429 9.010592 8000.000000
 656.000000 0.765085 5.905186 9.020223 8000.000000
 657.000000 0.715650 7.940340 9.038752 8000.000000
 658.000000 0.754975 7.102517 9.059089 8000.000000
 659.000000 0.748134 7.377410 9.071780 8000.000000
 660.000000 0.697307 6.309433 9.088437 8000.000000
 661.000000 0.757617 6.972815 9.098277 8000.000000
 662.000000 0.724734 8.149249 9.114675 8000.000000
 663.000000 0.737305 7.806904 9.137829 8000.000000
 664.000000 0.681313 4.391820 9.150619 8000.000000
 665.000000 0.670455 3.179154 9.141876 8000.000000
 666.000000 0.703507 6.978744 9.139393 8000.000000
 667.000000 0.719043 8.075884 9.160172 8000.000000
 668.000000 0.743696 7.547484 9.176943 8000.000000
 669.000000 0.735561 7.876723 9.194705 8000.000000
 670.000000 0.702101 6.833360 9.217102 8000.000000
 671.000000 0.753255 7.176534 9.230765 8000.000000
 672.000000 0.735706 7.871017 9.243098 8000.000000
 673.000000 0.722418 8.506483 9.268597 8000.000000
 674.000000 0.703117 7.059404 9.295368 8000.000000
 675.000000 0.680333 4.283132 9.296085 8000.000000
 676.000000 0.744887 7.909902 9.306874 8000.000000
 677.000000 0.712894 8.016954 9.328325 8000.000000
 678.000000 0.747221 7.796789 9.355287 8000.000000
 679.000000 0.792602 2.657392 9.356892 8000.000000
 680.000000 0.752338 7.535338 9.360680 8000.000000
 681.000000 0.732161 8.448366 9.383738 8000.000000
 682.000000 0.725768 8.544651 9.414015 8000.000000
 683.000000 0.753613 7.465958 9.420860 8000.000000
 684.000000 0.658858 2.464315 9.433082 8000.000000
 685.000000 0.749209 7.698560 9.440629 8000.000000
 686.000000 0.700228 6.727877 9.458899 8000.000000
 687.000000 0.694592 6.051672 9.454945 8000.000000
 688.000000 0.714100 8.109522 9.472210 8000.000000
 689.000000 0.687138 5.305392 9.478590 8000.000000
 690.000000 0.678546 4.158502 9.471956 8000.000000
 691.000000 0.701515 7.241010 9.473467 8000.000000
 692.000000 0.660434 2.522523 9.483197 8000.000000
 693.000000 0.646631 2.661825 9.474857 8000.000000
 694.000000 0.716705 8.718980 9.473333 8000.000000
 695.000000 0.688153 5.445164 9.493144 8000.000000
 696.000000 0.737115 8.496653 9.492122 8000.000000
 697.000000 0.699996 7.046731 9.512993 8000.000000
 698.000000 0.716837 8.726132 9.540740 8000.000000
 699.000000 0.738563 8.415141 9.554566 8000.000000
 700.000000 0.697537 6.723758 9.562720 8000.000000
 701.000000 0.656579 2.437462 9.573517 8000.000000
 702.000000 0.679669 4.303105 9.570023 8000.000000
 703.000000 0.700981 7.173230 9.565098 8000.000000
 704.000000 0.722932 8.919226 9.570825 8000.000000
 705.000000 0.777923 4.965744 9.577633 8000.000000
 706.000000 0.744845 8.272461 9.580595 8000.000000
 707.000000 0.662069 2.594344 9.590749 8000.000000
 708.000000 0.663245 2.655707 9.582135 8000.000000
 709.000000 0.741232 8.529342 9.603921 8000.000000
 710.000000 0.733670 9.029507 9.641447 8000.000000
 711.000000 0.765597 6.619995 9.671427 8000.000000
 712.000000 0.719690 9.253906 9.687874 8000.000000
 713.000000 0.660093 2.513774 9.695702 8000.000000
 714.000000 0.730730 9.179227 9.712446 8000.000000
 715.000000 0.766551 6.515400 9.733207 8000.000000
 716.000000 0.771346 5.926180 9.740457 8000.000000
 717.000000 0.796469 2.137052 9.740434 8000.000000
 718.000000 0.735153 8.941129 9.741003 8000.000000
 719.000000 0.756994 7.404586 9.778052 8000.000000
 720.000000 0.802856 1.431113 9.785448 8000.000000
 721.000000 0.790112 3.734489 9.780162 8000.000000
 722.000000 0.763663 6.948431 9.785071 8000.000000
 723.000000 0.813945 1.483201 9.782060 8000.000000
 724.000000 0.783227 4.654600 9.782628 8000.000000
 725.000000 0.795396 3.081555 9.774702 8000.000000
 726.000000 0.770178 6.307329 9.765670 8000.000000
 727.000000 0.772894 5.996428 9.777600 8000.000000
 728.000000 0.761685 7.113938 9.779904 8000.000000
 729.000000 0.756007 7.535526 9.795657 8000.000000
 730.000000 0.695320 6.583837 9.810476 8000.000000
 731.000000 0.730264 9.199196 9.845374 8000.000000
 732.000000 0.731192 9.158363 9.875490 8000.000000
 733.000000 0.731325 9.152130 9.901087 8000.000000
 734.000000 0.754391 7.644998 9.926513 8000.000000
 735.000000 0.755843 7.546816 9.937994 8000.000000
 736.000000 0.724887 9.331843 9.965010 8000.000000
 737.000000 0.717260 9.506147 9.998464 8000.000000
 738.000000 0.723880 9.725740 10.019044 8000.000000
 739.000000 0.704294 8.079708 10.064448 8000.000000
 740.000000 0.750677 8.063466 10.087228 8000.000000
 741.000000 0.669012 3.102459 10.101233 8000.000000
 742.000000 0.677505 4.081408 10.092670 8000.000000
 743.000000 0.696702 6.930745 10.094726 8000.000000
 744.000000 0.718370 9.570860 10.114870 8000.000000
 745.000000 0.740656 8.864659 10.149387 8000.000000
 746.000000 0.751108 8.030275 10.174225 8000.000000
 747.000000 0.746782 8.368387 10.176022 8000.000000
 748.000000 0.707514 8.522746 10.220637 8000.000000
 749.000000 0.727981 9.666687 10.263162 8000.000000
 750.000000 0.664513 2.736911 10.273192 8000.000000
 751.000000 0.710902 8.937681 10.276024 8000.000000
 752.000000 0.690068 5.902257 10.271172 8000.000000
 753.000000 0.688057 6.144255 10.278018 8000.000000
 754.000000 0.654767 2.554169 10.279243 8000.000000
 755.000000 0.731288 9.592904 10.294665 8000.000000
 756.000000 0.696634 7.444606 10.343663 8000.000000
 757.000000 0.675526 4.251754 10.347957 8000.000000
 758.000000 0.645187 2.777369 10.339485 8000.000000
 759.000000 0.685179 5.698183 10.331010 8000.000000
 760.000000 0.686988 5.978429 10.331169 8000.000000
 761.000000 0.657689 2.602560 10.328497 8000.000000
 762.000000 0.649829 2.605252 10.319827 8000.000000
 763.000000 0.655084 2.556300 10.312373 8000.000000
 764.000000 0.659131 2.652453 10.303020 8000.000000
 765.000000 0.663210 2.881754 10.294094 8000.000000
 766.000000 0.670115 3.546918 10.286699 8000.000000
 767.000000 0.658737 2.637556 10.288394 8000.000000
 768.000000 0.650125 2.599399 10.279595 8000.000000
 769.000000 0.641507 3.658421 10.272230 8000.000000
 770.000000 0.606668 2.196864 10.263872 8000.000000
 771.000000 0.640382 3.697933 10.256450 8000.000000
 772.000000 0.637399 3.788645 10.250159 8000.000000
 773.000000 0.655817 3.304148 10.241782 8000.000000
 774.000000 0.576975 0.199417 10.233919 8000.000000
 775.000000 0.602849 1.803439 10.222292 8000.000000
 776.000000 0.580093 0.283244 10.211025 8000.000000
 777.000000 0.631603 3.866097 10.202709 8000.000000
 778.000000 0.593870 0.999191 10.193080 8000.000000
 779.000000 0.586100 0.517777 10.181421 8000.000000
 780.000000 0.602145 1.732913 10.171123 8000.000000
 781.000000 0.532445 0.000000 10.159538 8000.000000
 782.000000 0.592289 0.883849 10.147962 8000.000000
 783.000000 0.553793 0.006760 10.136458 8000.000000
 784.000000 0.594817 1.072392 10.125271 8000.000000
 785.000000 0.556153 0.148572 10.114149 8000.000000
 786.000000 0.573194 0.627856 10.102792 8000.000000
 787.000000 0.596934 2.140154 10.093610 8000.000000
 788.000000 0.530786 0.005341 10.082360 8000.000000
 789.000000 0.573681 0.648893 10.070912 8000.000000
 790.000000 0.614474 3.541464 10.063166 8000.000000
 791.000000 0.600830 2.462365 10.055022 8000.000000
 792.000000 0.562623 0.275109 10.044022 8000.000000
 793.000000 0.605307 2.837767 10.033528 8000.000000
 794.000000 0.591270 1.698305 10.023068 8000.000000
 795.000000 0.609549 3.181577 10.013574 8000.000000
 796.000000 0.565122 0.341825 10.003679 8000.000000
 797.000000 0.563897 0.307062 9.992428 8000.000000
 798.000000 0.574268 0.674851 9.981419 8000.000000
 799.000000 0.586877 1.386402 9.970762 8000.000000
 800.000000 0.556501 0.153866 9.960348 8000.000000
 801.000000 0.596107 2.211948 9.949978 8000.000000
 802.000000 0.605685 2.917041 9.942274 8000.000000
 803.000000 0.639463 3.802726 9.934793 8000.000000
 804.000000 0.654728 3.314566 9.927731 8000.000000
 805.000000 0.609600 3.214606 9.920899 8000.000000
 806.000000 0.537452 0.640306 9.910673 8000.000000
 807.000000 0.616852 3.701890 9.902214 8000.000000
 808.000000 0.573802 1.331558 9.892533 8000.000000
 809.000000 0.596112 2.212281 9.884936 8000.000000
 810.000000 0.634313 3.976857 9.876728 8000.000000
 811.000000 0.651601 3.354115 9.869986 8000.000000
 812.000000 0.619572 3.841097 9.863622 8000.000000
 813.000000 0.649121 3.416572 9.857308 8000.000000
 814.000000 0.638352 3.846453 9.850764 8000.000000
 815.000000 0.610599 3.289899 9.844444 8000.000000
 816.000000 0.675617 4.606618 9.838638 8000.000000
 817.000000 0.667381 4.356676 9.832858 8000.000000
 818.000000 0.624708 4.037935 9.827324 8000.000000
 819.000000 0.641463 3.865825 9.821133 8000.000000
 820.000000 0.666650 4.291818 9.815633 8000.000000
 821.000000 0.669186 4.527767 9.810330 8000.000000
 822.000000 0.607566 3.063378 9.803405 8000.000000
 823.000000 0.660656 3.875026 9.797004 8000.000000
 824.000000 0.674390 5.092264 9.791583 8000.000000
 825.000000 0.675663 5.242288 9.786647 8000.000000
 826.000000 0.625772 4.060394 9.785760 8000.000000
 827.000000 0.660094 3.847165 9.781044 8000.000000
 828.000000 0.683920 6.267443 9.776289 8000.000000
 829.000000 0.649913 3.669745 9.774130 8000.000000
 830.000000 0.670031 4.612793 9.768489 8000.000000
 831.000000 0.681861 6.007720 9.768149 8000.000000
 832.000000 0.670169 4.626919 9.766656 8000.000000
 833.000000 0.705710 9.036700 9.787407 8000.000000
 834.000000 0.661611 4.500833 9.788522 8000.000000
 835.000000 0.652387 4.085051 9.808030 8000.000000
 836.000000 0.648228 4.036597 9.803214 8000.000000
 837.000000 0.655515 4.173713 9.799159 8000.000000
 838.000000 0.704157 8.887937 9.808587 8000.000000
 839.000000 0.665262 4.787413 9.815228 8000.000000
 840.000000 0.680758 6.415659 9.815758 8000.000000
 841.000000 0.659049 4.338061 9.812076 8000.000000
 842.000000 0.713474 9.653825 9.816416 8000.000000
 843.000000 0.678367 6.149272 9.835936 8000.000000
 844.000000 0.640448 4.104981 9.834296 8000.000000
 845.000000 0.668709 5.108385 9.831387 8000.000000
 846.000000 0.672907 5.545529 9.827696 8000.000000
 847.000000 0.665355 4.795441 9.824871 8000.000000
 848.000000 0.659650 4.374298 9.820018 8000.000000
 849.000000 0.687212 7.370666 9.824420 8000.000000
 850.000000 0.644173 4.534597 9.834807 8000.000000
 851.000000 0.641899 4.519245 9.832054 8000.000000
 852.000000 0.598811 2.405555 9.828305 8000.000000
 853.000000 0.654131 4.748593 9.821675 8000.000000
 854.000000 0.614160 3.602738 9.818061 8000.000000
 855.000000 0.689037 7.538831 9.816378 8000.000000
 856.000000 0.653607 4.729453 9.816110 8000.000000
 857.000000 0.659795 5.027996 9.812149 8000.000000
 858.000000 0.651896 4.672557 9.808418 8000.000000
 859.000000 0.639572 4.507418 9.805292 8000.000000
 860.000000 0.631117 4.417537 9.800868 8000.000000
 861.000000 0.649653 4.613724 9.800543 8000.000000
 862.000000 0.674144 6.176381 9.798163 8000.000000
 863.000000 0.680991 6.806592 9.808625 8000.000000
 864.000000 0.657741 4.910419 9.805290 8000.000000
 865.000000 0.626367 4.467846 9.805445 8000.000000
 866.000000 0.680692 7.095716 9.803271 8000.000000
 867.000000 0.665539 5.994055 9.811795 8000.000000
 868.000000 0.669042 6.240293 9.812004 8000.000000
 869.000000 0.689761 7.774075 9.839681 8000.000000
 870.000000 0.687378 7.589511 9.853354 8000.000000
 871.000000 0.660058 5.651096 9.853462 8000.000000
 872.000000 0.658560 5.566259 9.852189 8000.000000
 873.000000 0.674200 6.617203 9.855321 8000.000000
 874.000000 0.622983 4.284034 9.850988 8000.000000
 875.000000 0.681809 7.177589 9.850661 8000.000000
 876.000000 0.602264 2.680137 9.849023 8000.000000
 877.000000 0.644312 5.024659 9.845445 8000.000000
 878.000000 0.652270 5.274209 9.842539 8000.000000
 879.000000 0.664035 5.895270 9.840894 8000.000000
 880.000000 0.636359 4.832606 9.839072 8000.000000
 881.000000 0.652097 5.717937 9.839322 8000.000000
 882.000000 0.657647 5.866565 9.840000 8000.000000
 883.000000 0.612276 3.806709 9.835996 8000.000000
 884.000000 0.621527 4.661333 9.829067 8000.000000
 885.000000 0.644549 5.597014 9.828843 8000.000000
 886.000000 0.648104 5.645387 9.829310 8000.000000
 887.000000 0.680967 7.167102 9.830823 8000.000000
 888.000000 0.657437 5.859703 9.832955 8000.000000
 889.000000 0.688858 7.723190 9.836206 8000.000000
 890.000000 0.622679 4.753436 9.839374 8000.000000
 891.000000 0.649477 5.668240 9.837318 8000.000000
 892.000000 0.578696 1.432531 9.833352 8000.000000
 893.000000 0.691984 7.959253 9.837214 8000.000000
 894.000000 0.645724 5.613455 9.839184 8000.000000
 895.000000 0.652840 5.735290 9.839377 8000.000000
 896.000000 0.651336 5.702053 9.839984 8000.000000
 897.000000 0.664893 6.623065 9.847437 8000.000000
 898.000000 0.654562 6.334092 9.848742 8000.000000
 899.000000 0.650918 6.258957 9.853937 8000.000000
 900.000000 0.624258 5.096080 9.855482 8000.000000
 901.000000 0.673977 7.003316 9.858112 8000.000000
 902.000000 0.643587 6.107187 9.862257 8000.000000
 903.000000 0.651944 6.279302 9.864507 8000.000000
 904.000000 0.700442 8.690092 9.876244 8000.000000
 905.000000 0.656251 6.370988 9.880395 8000.000000
 906.000000 0.663754 6.583826 9.885122 8000.000000
 907.000000 0.634690 5.798898 9.889655 8000.000000
 908.000000 0.634692 5.798990 9.885014 8000.000000
 909.000000 0.589307 1.858075 9.880429 8000.000000
 910.000000 0.619709 4.671508 9.879300 8000.000000
 911.000000 0.648028 6.201325 9.874213 8000.000000
 912.000000 0.652316 6.288118 9.885098 8000.000000
 913.000000 0.607103 3.379107 9.882182 8000.000000
 914.000000 0.623181 5.185466 9.878979 8000.000000
 915.000000 0.632310 5.997030 9.883166 8000.000000
 916.000000 0.582905 1.563884 9.879438 8000.000000
 917.000000 0.650976 6.791313 9.880115 8000.000000
 918.000000 0.624882 5.357207 9.881524 8000.000000
 919.000000 0.646507 6.682660 9.878350 8000.000000
 920.000000 0.633482 6.079982 9.880460 8000.000000
 921.000000 0.654377 6.859845 9.887450 8000.000000
 922.000000 0.638850 6.395426 9.891844 8000.000000
 923.000000 0.670331 7.193537 9.904582 8000.000000
 924.000000 0.665102 7.065406 9.911410 8000.000000
 925.000000 0.680953 7.545812 9.920454 8000.000000
 926.000000 0.658880 6.940853 9.929990 8000.000000
 927.000000 0.645219 6.645690 9.929724 8000.000000
 928.000000 0.651990 6.812568 9.936553 8000.000000
 929.000000 0.672406 7.552169 9.950913 8000.000000
 930.000000 0.657098 7.397078 9.959286 8000.000000
 931.000000 0.646981 7.184942 9.970165 8000.000000
 932.000000 0.576990 1.393588 9.967122 8000.000000
 933.000000 0.619064 4.870201 9.959006 8000.000000
 934.000000 0.650601 7.287571 9.962430 8000.000000
 935.000000 0.663557 7.459309 9.967142 8000.000000
 936.000000 0.637464 6.712395 9.976979 8000.000000
 937.000000 0.600286 2.704442 9.974906 8000.000000
 938.000000 0.575941 1.372665 9.967903 8000.000000
 939.000000 0.576007 1.373906 9.960569 8000.000000
 940.000000 0.633265 6.391001 9.953746 8000.000000
 941.000000 0.594492 2.209417 9.954252 8000.000000
 942.000000 0.586237 1.703620 9.946517 8000.000000
 943.000000 0.609655 3.715681 9.942243 8000.000000
 944.000000 0.641734 6.965458 9.935916 8000.000000
 945.000000 0.588650 1.842103 9.940254 8000.000000
 946.000000 0.662687 7.739569 9.945742 8000.000000
 947.000000 0.636718 7.142738 9.958906 8000.000000
 948.000000 0.650870 7.741766 9.970767 8000.000000
 949.000000 0.613253 4.332532 9.976691 8000.000000
 950.000000 0.685936 7.928289 9.982005 8000.000000
 951.000000 0.683313 7.850056 9.995661 8000.000000
 952.000000 0.612377 4.214430 10.006043 8000.000000
 953.000000 0.590875 1.979266 9.997567 8000.000000
 954.000000 0.670089 7.704545 10.002726 8000.000000
 955.000000 0.655279 7.770037 10.015129 8000.000000
 956.000000 0.657857 7.764766 10.031065 8000.000000
 957.000000 0.669328 7.705803 10.043908 8000.000000
 958.000000 0.657422 7.766419 10.056452 8000.000000
 959.000000 0.678069 7.747813 10.069410 8000.000000
 960.000000 0.665027 7.724776 10.088845 8000.000000
 961.000000 0.618580 5.096606 10.094303 8000.000000
 962.000000 0.663948 8.191374 10.101397 8000.000000
 963.000000 0.656195 8.187717 10.113341 8000.000000
 964.000000 0.666902 8.173148 10.130034 8000.000000
 965.000000 0.673376 8.131199 10.146570 8000.000000
 966.000000 0.655658 8.183154 10.163335 8000.000000
 967.000000 0.701431 8.916456 10.187014 8000.000000
 968.000000 0.687969 8.244723 10.211966 8000.000000
 969.000000 0.670544 8.147998 10.230179 8000.000000
 970.000000 0.631547 6.790463 10.244746 8000.000000
 971.000000 0.640200 7.592402 10.255064 8000.000000
 972.000000 0.588533 1.835494 10.248907 8000.000000
 973.000000 0.564703 1.233897 10.240078 8000.000000
 974.000000 0.556574 1.139679 10.231000 8000.000000
 975.000000 0.572890 1.324163 10.222559 8000.000000
 976.000000 0.596002 2.364745 10.214137 8000.000000
 977.000000 0.539621 0.724395 10.205235 8000.000000
 978.000000 0.577190 1.907488 10.199620 8000.000000
 979.000000 0.595833 3.139440 10.194451 8000.000000
 980.000000 0.586126 2.407345 10.186510 8000.000000
 981.000000 0.572487 1.713804 10.180893 8000.000000
 982.000000 0.565378 1.485786 10.172666 8000.000000
 983.000000 0.539650 0.725373 10.163934 8000.000000
 984.000000 0.538169 0.675278 10.154740 8000.000000
 985.000000 0.552259 1.133526 10.145798 8000.000000
 986.000000 0.552106 1.129088 10.137239 8000.000000
 987.000000 0.520999 0.203743 10.128413 8000.000000
 988.000000 0.526870 0.333412 10.119218 8000.000000
 989.000000 0.553085 1.157206 10.110969 8000.000000
 990.000000 0.515758 0.123631 10.101855 8000.000000
 991.000000 0.503800 0.030588 10.092750 8000.000000
 992.000000 0.551927 1.123887 10.083740 8000.000000
 993.000000 0.513782 0.245535 10.075266 8000.000000
 994.000000 0.505967 0.104186 10.066183 8000.000000
 995.000000 0.554084 2.073545 10.057266 8000.000000
 996.000000 0.586547 2.634623 10.049863 8000.000000
 997.000000 0.541114 1.547111 10.042280 8000.000000
 998.000000 0.526738 0.734349 10.033638 8000.000000
 999.000000 0.523521 0.578706 10.024910 8000.000000
 1000.000000 0.559252 2.157791 10.016161 8000.000000
 1001.000000 0.564818 2.194767 10.008656 8000.000000
 1002.000000 0.636815 7.419006 10.005458 8000.000000
 1003.000000 0.552902 2.044401 10.003420 8000.000000
 1004.000000 0.589196 2.777003 9.995679 8000.000000
 1005.000000 0.524280 0.614397 9.987925 8000.000000
 1006.000000 0.537872 1.363247 9.979345 8000.000000
 1007.000000 0.529840 0.898432 9.971435 8000.000000
 1008.000000 0.538342 1.390488 9.963211 8000.000000
 1009.000000 0.547361 2.638126 9.955754 8000.000000
 1010.000000 0.534495 2.019057 9.949400 8000.000000
 1011.000000 0.591212 2.924382 9.942062 8000.000000
 1012.000000 0.496011 0.120717 9.934251 8000.000000
 1013.000000 0.590729 2.896047 9.926733 8000.000000
 1014.000000 0.553641 2.712324 9.919746 8000.000000
 1015.000000 0.501189 0.212200 9.912297 8000.000000
 1016.000000 0.509949 0.481875 9.903636 8000.000000
 1017.000000 0.593774 3.087150 9.895680 8000.000000
 1018.000000 0.570517 2.461934 9.889935 8000.000000
 1019.000000 0.568695 2.488122 9.882865 8000.000000
 1020.000000 0.542659 2.479843 9.875952 8000.000000
 1021.000000 0.594149 3.112663 9.868518 8000.000000
 1022.000000 0.594002 3.102590 9.862296 8000.000000
 1023.000000 0.592655 3.013519 9.856077 8000.000000
 1024.000000 0.590719 2.895491 9.849245 8000.000000
 1025.000000 0.603418 4.484983 9.844271 8000.000000
 1026.000000 0.591157 3.669043 9.838407 8000.000000
 1027.000000 0.605268 4.626577 9.833587 8000.000000
 1028.000000 0.605528 4.646787 9.834327 8000.000000
 1029.000000 0.617032 5.651718 9.831576 8000.000000
 1030.000000 0.619880 5.928494 9.829656 8000.000000
 1031.000000 0.589287 3.562337 9.825394 8000.000000
 1032.000000 0.593902 3.834471 9.819799 8000.000000
 1033.000000 0.584777 3.327850 9.814332 8000.000000
 1034.000000 0.569227 2.899774 9.810940 8000.000000
 1035.000000 0.575212 2.987546 9.805229 8000.000000
 1036.000000 0.585802 3.377131 9.800288 8000.000000
 1037.000000 0.587708 3.475488 9.794117 8000.000000
 1038.000000 0.594580 3.877758 9.790061 8000.000000
 1039.000000 0.583069 3.250600 9.784085 8000.000000
 1040.000000 0.591297 3.677233 9.779065 8000.000000
 1041.000000 0.557313 3.037247 9.772847 8000.000000
 1042.000000 0.618324 6.053574 9.768032 8000.000000
 1043.000000 0.554995 2.993361 9.767319 8000.000000
 1044.000000 0.645878 7.994313 9.768015 8000.000000
 1045.000000 0.630206 7.030470 9.777507 8000.000000
 1046.000000 0.616293 5.898185 9.778544 8000.000000
 1047.000000 0.617565 5.994821 9.779209 8000.000000
 1048.000000 0.592325 4.429030 9.777442 8000.000000
 1049.000000 0.591691 4.392026 9.777941 8000.000000
 1050.000000 0.581406 3.792939 9.772912 8000.000000
 1051.000000 0.562696 3.129116 9.766892 8000.000000
 1052.000000 0.608972 5.392248 9.763582 8000.000000
 1053.000000 0.594026 4.527514 9.760863 8000.000000
 1054.000000 0.637291 7.554743 9.759572 8000.000000
 1055.000000 0.598795 4.798945 9.759465 8000.000000
 1056.000000 0.650400 8.125806 9.770041 8000.000000
 1057.000000 0.616196 5.991986 9.773521 8000.000000
 1058.000000 0.564766 3.167295 9.773175 8000.000000
 1059.000000 0.556521 3.022997 9.769245 8000.000000
 1060.000000 0.586541 4.089152 9.763143 8000.000000
 1061.000000 0.582172 3.837338 9.769159 8000.000000
 1062.000000 0.628805 7.163235 9.770068 8000.000000
 1063.000000 0.592638 4.454090 9.775208 8000.000000
 1064.000000 0.618123 6.158349 9.775285 8000.000000
 1065.000000 0.611730 5.640090 9.780996 8000.000000
 1066.000000 0.630229 7.298643 9.779025 8000.000000
 1067.000000 0.640299 8.126252 9.784965 8000.000000
 1068.000000 0.708936 9.453768 9.803440 8000.000000
 1069.000000 0.647692 8.492479 9.827423 8000.000000
 1070.000000 0.532325 1.889655 9.832010 8000.000000
 1071.000000 0.558821 3.062934 9.824565 8000.000000
 1072.000000 0.567656 3.234359 9.819498 8000.000000
 1073.000000 0.624869 6.797152 9.816026 8000.000000
 1074.000000 0.603351 5.231742 9.821660 8000.000000
 1075.000000 0.634614 7.696516 9.821247 8000.000000
 1076.000000 0.691708 8.422168 9.839359 8000.000000
 1077.000000 0.663560 8.552738 9.857811 8000.000000
 1078.000000 0.683558 8.268764 9.876378 8000.000000
 1079.000000 0.674879 8.334252 9.895479 8000.000000
 1080.000000 0.692297 8.444731 9.912416 8000.000000
 1081.000000 0.675225 8.328710 9.931377 8000.000000
 1082.000000 0.653603 8.617807 9.949566 8000.000000
 1083.000000 0.662661 8.567666 9.967367 8000.000000
 1084.000000 0.683135 8.267490 9.986316 8000.000000
 1085.000000 0.642287 8.247735 9.992031 8000.000000
 1086.000000 0.661818 8.581798 10.013050 8000.000000
 1087.000000 0.634918 7.722140 10.031919 8000.000000
 1088.000000 0.667267 8.481040 10.040417 8000.000000
 1089.000000 0.617979 6.196858 10.056771 8000.000000
 1090.000000 0.607409 5.445107 10.058655 8000.000000
 1091.000000 0.668235 8.888465 10.070626 8000.000000
 1092.000000 0.627952 7.150771 10.089439 8000.000000
 1093.000000 0.611719 5.712154 10.092951 8000.000000
 1094.000000 0.600814 5.118599 10.096934 8000.000000
 1095.000000 0.682140 8.590757 10.108052 8000.000000
 1096.000000 0.626460 7.001760 10.125943 8000.000000
 1097.000000 0.606686 5.405125 10.127170 8000.000000
 1098.000000 0.613956 5.871338 10.126716 8000.000000
 1099.000000 0.646377 8.693519 10.142295 8000.000000
 1100.000000 0.626081 6.963666 10.150671 8000.000000
 1101.000000 0.603510 5.241927 10.148580 8000.000000
 1102.000000 0.627696 7.124789 10.153967 8000.000000
 1103.000000 0.607600 5.455882 10.155336 8000.000000
 1104.000000 0.585165 4.501324 10.159580 8000.000000
 1105.000000 0.616554 6.263063 10.161330 8000.000000
 1106.000000 0.607260 5.782731 10.164692 8000.000000
 1107.000000 0.590354 5.314006 10.163838 8000.000000
 1108.000000 0.624008 6.853694 10.163813 8000.000000
 1109.000000 0.679844 8.625850 10.182749 8000.000000
 1110.000000 0.640614 8.336154 10.204913 8000.000000
 1111.000000 0.654905 8.980807 10.215350 8000.000000
 1112.000000 0.652747 8.939805 10.239118 8000.000000
 1113.000000 0.681133 8.604715 10.260753 8000.000000
 1114.000000 0.663552 8.972981 10.281531 8000.000000
 1115.000000 0.574598 4.697315 10.290563 8000.000000
 1116.000000 0.641730 8.416241 10.295558 8000.000000
 1117.000000 0.607406 5.788136 10.302518 8000.000000
 1118.000000 0.611842 5.982229 10.307268 8000.000000
 1119.000000 0.639206 8.228718 10.308255 8000.000000
 1120.000000 0.662654 8.983958 10.328804 8000.000000
 1121.000000 0.584301 5.105989 10.340167 8000.000000
 1122.000000 0.622433 6.769717 10.342739 8000.000000
 1123.000000 0.607133 5.786733 10.344100 8000.000000
 1124.000000 0.595757 5.462692 10.344950 8000.000000
 1125.000000 0.522284 1.219637 10.339865 8000.000000
 1126.000000 0.587842 5.233111 10.334612 8000.000000
 1127.000000 0.609179 5.867824 10.338013 8000.000000
 1128.000000 0.597279 5.501257 10.338014 8000.000000
 1129.000000 0.606800 5.774358 10.337550 8000.000000
 1130.000000 0.582285 5.027360 10.344843 8000.000000
 1131.000000 0.643111 8.760805 10.345604 8000.000000
 1132.000000 0.605570 5.731176 10.353904 8000.000000
 1133.000000 0.634320 7.961614 10.356481 8000.000000
 1134.000000 0.651200 9.241239 10.380436 8000.000000
 1135.000000 0.664026 9.371800 10.407772 8000.000000
 1136.000000 0.619744 6.536890 10.423884 8000.000000
 1137.000000 0.624348 7.454783 10.430243 8000.000000
 1138.000000 0.642616 8.992505 10.455610 8000.000000
 1139.000000 0.631837 8.139750 10.482463 8000.000000
 1140.000000 0.634671 8.390147 10.494710 8000.000000
 1141.000000 0.695975 8.861300 10.520434 8000.000000
 1142.000000 0.689430 8.754008 10.546926 8000.000000
 1143.000000 0.628855 7.866522 10.565127 8000.000000
 1144.000000 0.639881 8.806492 10.587782 8000.000000
 1145.000000 0.652339 9.423400 10.611487 8000.000000
 1146.000000 0.637129 8.596358 10.631921 8000.000000
 1147.000000 0.660869 9.469934 10.644665 8000.000000
 1148.000000 0.676367 9.027783 10.670249 8000.000000
 1149.000000 0.638996 8.740832 10.697137 8000.000000
 1150.000000 0.648633 9.304052 10.722349 8000.000000
 1151.000000 0.659223 9.481828 10.748559 8000.000000
 1152.000000 0.663381 9.429413 10.773734 8000.000000
 1153.000000 0.679357 9.210033 10.800704 8000.000000
 1154.000000 0.620890 7.192538 10.825014 8000.000000
 1155.000000 0.671282 9.567398 10.843967 8000.000000
 1156.000000 0.686841 8.955937 10.866297 8000.000000
 1157.000000 0.648336 9.584143 10.892943 8000.000000
 1158.000000 0.625061 7.581389 10.905625 8000.000000
 1159.000000 0.699322 9.068992 10.922114 8000.000000
 1160.000000 0.689728 8.917742 10.945090 8000.000000
 1161.000000 0.614539 6.676036 10.959359 8000.000000
 1162.000000 0.681696 9.114721 10.978700 8000.000000
 1163.000000 0.646700 9.495042 11.011441 8000.000000
 1164.000000 0.619656 7.084631 11.015472 8000.000000
 1165.000000 0.743539 8.647391 11.039486 8000.000000
 1166.000000 0.658744 9.862321 11.068505 8000.000000
 1167.000000 0.677063 9.311140 11.098423 8000.000000
 1168.000000 0.702358 9.200925 11.121886 8000.000000
 1169.000000 0.642050 9.180472 11.149906 8000.000000
 1170.000000 0.666272 9.826254 11.170550 8000.000000
 1171.000000 0.652509 9.780310 11.203323 8000.000000
 1172.000000 0.651809 9.754150 11.212620 8000.000000
 1173.000000 0.644523 9.362907 11.242275 8000.000000
 1174.000000 0.636984 8.749206 11.252826 8000.000000
 1175.000000 0.617359 6.892933 11.263294 8000.000000
 1176.000000 0.570447 4.538964 11.269511 8000.000000
 1177.000000 0.579454 4.975519 11.263799 8000.000000
 1178.000000 0.610691 6.420562 11.284743 8000.000000
 1179.000000 0.606183 6.171416 11.286310 8000.000000
 1180.000000 0.635614 8.621139 11.288896 8000.000000
 1181.000000 0.618212 6.962144 11.294778 8000.000000
 1182.000000 0.590758 5.507757 11.297003 8000.000000
 1183.000000 0.609899 6.371088 11.294158 8000.000000
 1184.000000 0.571488 4.588974 11.293533 8000.000000
 1185.000000 0.583805 5.712678 11.291818 8000.000000
 1186.000000 0.577153 5.468599 11.290619 8000.000000
 1187.000000 0.610724 6.514710 11.287160 8000.000000
 1188.000000 0.605534 6.287613 11.291684 8000.000000
 1189.000000 0.569569 5.126326 11.291176 8000.000000
 1190.000000 0.582633 5.674634 11.287953 8000.000000
 1191.000000 0.595659 6.017140 11.285194 8000.000000
 1192.000000 0.590417 5.896544 11.284554 8000.000000
 1193.000000 0.612777 6.628957 11.286094 8000.000000
 1194.000000 0.570423 5.168236 11.286692 8000.000000
 1195.000000 0.554919 4.235810 11.284526 8000.000000
 1196.000000 0.570230 5.158832 11.279052 8000.000000
 1197.000000 0.596586 6.038530 11.276662 8000.000000
 1198.000000 0.600171 6.124496 11.275369 8000.000000
 1199.000000 0.518367 0.962478 11.272010 8000.000000
 1200.000000 0.614869 6.759956 11.267183 8000.000000
 1201.000000 0.551705 3.991218 11.270483 8000.000000
 1202.000000 0.531531 2.076256 11.265749 8000.000000
 1203.000000 0.562479 4.754815 11.260873 8000.000000
 1204.000000 0.571702 5.279846 11.254814 8000.000000
 1205.000000 0.616671 7.393573 11.255411 8000.000000
 1206.000000 0.489542 0.054844 11.249569 8000.000000
 1207.000000 0.543335 3.243442 11.242828 8000.000000
 1208.000000 0.545815 3.477059 11.236742 8000.000000
 1209.000000 0.544633 3.367241 11.228922 8000.000000
 1210.000000 0.538494 2.768638 11.223651 8000.000000
 1211.000000 0.521118 1.160742 11.217333 8000.000000
 1212.000000 0.503252 0.267242 11.209687 8000.000000
 1213.000000 0.509664 0.486563 11.201481 8000.000000
 1214.000000 0.541165 3.033252 11.194621 8000.000000
 1215.000000 0.478947 0.010577 11.186488 8000.000000
 1216.000000 0.526869 1.639262 11.178648 8000.000000
 1217.000000 0.569351 5.242469 11.174771 8000.000000
 1218.000000 0.474989 0.035105 11.169063 8000.000000
 1219.000000 0.498376 0.466708 11.160794 8000.000000
 1220.000000 0.610453 6.996308 11.158336 8000.000000
 1221.000000 0.587849 6.042767 11.161059 8000.000000
 1222.000000 0.582628 5.830368 11.161480 8000.000000
 1223.000000 0.624962 8.036682 11.174386 8000.000000
 1224.000000 0.549886 4.276279 11.175466 8000.000000
 1225.000000 0.581289 5.772657 11.170734 8000.000000
 1226.000000 0.575042 5.497469 11.170606 8000.000000
 1227.000000 0.553909 4.505295 11.165109 8000.000000
 1228.000000 0.583765 5.877764 11.167073 8000.000000
 1229.000000 0.572805 5.397982 11.163722 8000.000000
 1230.000000 0.615364 7.300780 11.164091 8000.000000
 1231.000000 0.595227 6.323612 11.173281 8000.000000
 1232.000000 0.547938 4.155216 11.172386 8000.000000
 1233.000000 0.518825 2.004574 11.165190 8000.000000
 1234.000000 0.568016 5.580920 11.161471 8000.000000
 1235.000000 0.551140 5.000393 11.159977 8000.000000
 1236.000000 0.567802 5.575565 11.158028 8000.000000
 1237.000000 0.562629 5.439073 11.154776 8000.000000
 1238.000000 0.555282 5.194155 11.151955 8000.000000
 1239.000000 0.517379 1.860843 11.145760 8000.000000
 1240.000000 0.574017 5.733776 11.142279 8000.000000
 1241.000000 0.504007 0.788587 11.137969 8000.000000
 1242.000000 0.566322 5.538312 11.131611 8000.000000
 1243.000000 0.572557 5.695989 11.131822 8000.000000
 1244.000000 0.567802 5.575576 11.129883 8000.000000
 1245.000000 0.610611 7.010167 11.130372 8000.000000
 1246.000000 0.573040 5.708430 11.130821 8000.000000
 1247.000000 0.576608 5.802529 11.129363 8000.000000
 1248.000000 0.611869 7.082865 11.130549 8000.000000
 1249.000000 0.543024 4.467033 11.135699 8000.000000
 1250.000000 0.615337 7.785560 11.133654 8000.000000
 1251.000000 0.607086 7.303947 11.138934 8000.000000
 1252.000000 0.603203 7.099530 11.142544 8000.000000
 1253.000000 0.535387 3.774029 11.141647 8000.000000
 1254.000000 0.492970 0.301131 11.134460 8000.000000
 1255.000000 0.608760 7.395649 11.133116 8000.000000
 1256.000000 0.576152 5.890080 11.135351 8000.000000
 1257.000000 0.475036 0.035325 11.129786 8000.000000
 1258.000000 0.524380 2.593106 11.121946 8000.000000
 1259.000000 0.540331 4.241045 11.118625 8000.000000
 1260.000000 0.512946 1.448530 11.111513 8000.000000
 1261.000000 0.522003 2.336544 11.104724 8000.000000
 1262.000000 0.526660 2.843375 11.101109 8000.000000
 1263.000000 0.430892 0.000000 11.093230 8000.000000
 1264.000000 0.545147 4.628958 11.085636 8000.000000
 1265.000000 0.561281 5.875114 11.085997 8000.000000
 1266.000000 0.493866 0.351898 11.080581 8000.000000
 1267.000000 0.496284 0.443325 11.072857 8000.000000
 1268.000000 0.493325 0.333624 11.065079 8000.000000
 1269.000000 0.494722 0.382392 11.057211 8000.000000
 1270.000000 0.521889 2.644200 11.050047 8000.000000
 1271.000000 0.501767 0.721536 11.043028 8000.000000
 1272.000000 0.491011 0.263820 11.035397 8000.000000
 1273.000000 0.508476 1.205312 11.027582 8000.000000
 1274.000000 0.505727 0.986722 11.020156 8000.000000
 1275.000000 0.425281 0.000000 11.012367 8000.000000
 1276.000000 0.504124 0.872360 11.004535 8000.000000
 1277.000000 0.499228 0.580205 10.998502 8000.000000
 1278.000000 0.503163 0.808403 10.991045 8000.000000
 1279.000000 0.563565 5.902504 10.987010 8000.000000
 1280.000000 0.587350 6.417643 10.988089 8000.000000
 1281.000000 0.473109 0.027150 10.985067 8000.000000
 1282.000000 0.531740 3.908599 10.977738 8000.000000
 1283.000000 0.539296 4.780524 10.975685 8000.000000
 1284.000000 0.462108 0.004486 10.968818 8000.000000
 1285.000000 0.522942 2.779004 10.961480 8000.000000
 1286.000000 0.535671 4.383163 10.955659 8000.000000
 1287.000000 0.524306 2.954049 10.952097 8000.000000
 1288.000000 0.515472 1.887223 10.947488 8000.000000
 1289.000000 0.500254 0.634081 10.941068 8000.000000
 1290.000000 0.509636 1.306141 10.933499 8000.000000
 1291.000000 0.519737 2.379526 10.927561 8000.000000
 1292.000000 0.488869 0.210217 10.920404 8000.000000
 1293.000000 0.515072 1.843760 10.912840 8000.000000
 1294.000000 0.582739 6.769641 10.920769 8000.000000
 1295.000000 0.557422 5.980095 10.919813 8000.000000
 1296.000000 0.511212 1.450953 10.915877 8000.000000
 1297.000000 0.573407 6.446086 10.912019 8000.000000
 1298.000000 0.517273 2.915558 10.912345 8000.000000
 1299.000000 0.483445 0.441880 10.904838 8000.000000
 1300.000000 0.500885 1.426957 10.897433 8000.000000
 1301.000000 0.490179 0.739198 10.891656 8000.000000
 1302.000000 0.482006 0.391883 10.884124 8000.000000
 1303.000000 0.517874 2.977054 10.877720 8000.000000
 1304.000000 0.508601 2.073233 10.871927 8000.000000
 1305.000000 0.609757 7.734039 10.870320 8000.000000
 1306.000000 0.565222 6.228935 10.874391 8000.000000
 1307.000000 0.519531 3.147700 10.873287 8000.000000
 1308.000000 0.537206 4.928479 10.867086 8000.000000
 1309.000000 0.473102 0.167861 10.863050 8000.000000
 1310.000000 0.543808 5.433849 10.857781 8000.000000
 1311.000000 0.562645 6.168912 10.858420 8000.000000
 1312.000000 0.601132 7.422733 10.862442 8000.000000
 1313.000000 0.560463 6.176701 10.867663 8000.000000
 1314.000000 0.581622 7.024912 10.871968 8000.000000
 1315.000000 0.551702 5.873643 10.873383 8000.000000
 1316.000000 0.524060 3.624411 10.871343 8000.000000
 1317.000000 0.513709 2.556440 10.866195 8000.000000
 1318.000000 0.523297 3.544336 10.859353 8000.000000
 1319.000000 0.567252 6.391458 10.855605 8000.000000
 1320.000000 0.600647 7.881592 10.868103 8000.000000
 1321.000000 0.567886 6.413236 10.872825 8000.000000
 1322.000000 0.597260 7.760615 10.875548 8000.000000
 1323.000000 0.606716 8.075484 10.889044 8000.000000
 1324.000000 0.621781 8.610932 10.901515 8000.000000
 1325.000000 0.611212 8.215116 10.913527 8000.000000
 1326.000000 0.601750 7.918484 10.924604 8000.000000
 1327.000000 0.542564 5.356212 10.928181 8000.000000
 1328.000000 0.499744 1.340422 10.923393 8000.000000
 1329.000000 0.563051 6.261516 10.921534 8000.000000
 1330.000000 0.555302 6.031306 10.923387 8000.000000
 1331.000000 0.640378 9.535889 10.930148 8000.000000
 1332.000000 0.644591 9.718421 10.959602 8000.000000
 1333.000000 0.615358 8.354407 10.983816 8000.000000
 1334.000000 0.606112 8.056998 10.999162 8000.000000
 1335.000000 0.609410 8.156284 11.004474 8000.000000
 1336.000000 0.632032 9.113021 11.022435 8000.000000
 1337.000000 0.611495 8.224212 11.038433 8000.000000
 1338.000000 0.629690 8.990709 11.056662 8000.000000
 1339.000000 0.580471 6.963232 11.065185 8000.000000
 1340.000000 0.589614 7.429905 11.067051 8000.000000
 1341.000000 0.565320 6.330904 11.072878 8000.000000
 1342.000000 0.569653 6.478600 11.074610 8000.000000
 1343.000000 0.613417 8.287487 11.082702 8000.000000
 1344.000000 0.651451 9.927525 11.104281 8000.000000
 1345.000000 0.586210 7.261350 11.122754 8000.000000
 1346.000000 0.597683 7.784807 11.128526 8000.000000
 1347.000000 0.621868 8.738559 11.146133 8000.000000
 1348.000000 0.542705 5.453187 11.150594 8000.000000
 1349.000000 0.560063 6.174069 11.148083 8000.000000
 1350.000000 0.651457 10.297361 11.163667 8000.000000
 1351.000000 0.608062 8.151702 11.185368 8000.000000
 1352.000000 0.615842 8.448832 11.193877 8000.000000
 1353.000000 0.607236 8.123477 11.206574 8000.000000
 1354.000000 0.605573 8.067072 11.221226 8000.000000
 1355.000000 0.631183 9.289241 11.236902 8000.000000
 1356.000000 0.617844 8.538729 11.266308 8000.000000
 1357.000000 0.578289 6.852636 11.272506 8000.000000
 1358.000000 0.663670 10.227044 11.289550 8000.000000
 1359.000000 0.706597 9.825977 11.316743 8000.000000
 1360.000000 0.694862 9.346822 11.342364 8000.000000
 1361.000000 0.728252 10.059890 11.373097 8000.000000
 1362.000000 0.684849 9.716734 11.405718 8000.000000
 1363.000000 0.658618 10.407219 11.442226 8000.000000
 1364.000000 0.707369 10.186462 11.475474 8000.000000
 1365.000000 0.665818 10.292212 11.510110 8000.000000
 1366.000000 0.613224 8.340543 11.533729 8000.000000
 1367.000000 0.661470 10.381989 11.549808 8000.000000
 1368.000000 0.617240 8.511048 11.578162 8000.000000
 1369.000000 0.592101 7.550196 11.580893 8000.000000
 1370.000000 0.578118 6.844314 11.588476 8000.000000
 1371.000000 0.563257 6.267527 11.588341 8000.000000
 1372.000000 0.588810 7.392627 11.589791 8000.000000
 1373.000000 0.616546 8.479887 11.605832 8000.000000
 1374.000000 0.526998 4.281288 11.606715 8000.000000
 1375.000000 0.591197 7.507992 11.606467 8000.000000
 1376.000000 0.627013 9.033177 11.620587 8000.000000
 1377.000000 0.539461 5.242153 11.624600 8000.000000
 1378.000000 0.616562 8.833420 11.626823 8000.000000
 1379.000000 0.577023 6.809540 11.641805 8000.000000
 1380.000000 0.628064 9.499520 11.656698 8000.000000
 1381.000000 0.659532 10.509947 11.693256 8000.000000
 1382.000000 0.638832 10.111923 11.727216 8000.000000
 1383.000000 0.692731 9.702467 11.760039 8000.000000
 1384.000000 0.702694 9.992010 11.793039 8000.000000
 1385.000000 0.671197 10.162627 11.823336 8000.000000
 1386.000000 0.686957 9.692470 11.853677 8000.000000
 1387.000000 0.645294 10.383385 11.885015 8000.000000
 1388.000000 0.605179 8.276597 11.903647 8000.000000
 1389.000000 0.621833 9.127794 11.912650 8000.000000
 1390.000000 0.573945 6.663111 11.925548 8000.000000
 1391.000000 0.580350 6.983716 11.926231 8000.000000
 1392.000000 0.589316 7.487057 11.934435 8000.000000
 1393.000000 0.604296 8.591571 11.947214 8000.000000
 1394.000000 0.615417 8.972768 11.969926 8000.000000
 1395.000000 0.655743 10.549959 11.999069 8000.000000
 1396.000000 0.623989 9.359851 12.022054 8000.000000
 1397.000000 0.634666 9.926666 12.046015 8000.000000
 1398.000000 0.613155 8.887997 12.071441 8000.000000
 1399.000000 0.589148 7.949927 12.081195 8000.000000
 1400.000000 0.646262 10.421904 12.096594 8000.000000
 1401.000000 0.624722 9.397935 12.124734 8000.000000
 1402.000000 0.558409 6.270699 12.135719 8000.000000
 1403.000000 0.590086 8.001056 12.138915 8000.000000
 1404.000000 0.614876 8.951958 12.149878 8000.000000
 1405.000000 0.631165 9.739207 12.182239 8000.000000
 1406.000000 0.614088 8.922291 12.205689 8000.000000
 1407.000000 0.590752 8.036369 12.216636 8000.000000
 1408.000000 0.569943 6.791602 12.218546 8000.000000
 1409.000000 0.587220 8.187723 12.223621 8000.000000
 1410.000000 0.561763 6.874734 12.234636 8000.000000
 1411.000000 0.503875 2.521897 12.229662 8000.000000
 1412.000000 0.498312 2.109345 12.222099 8000.000000
 1413.000000 0.576412 7.643305 12.218828 8000.000000
 1414.000000 0.563823 6.979590 12.222933 8000.000000
 1415.000000 0.552947 6.393611 12.223016 8000.000000
 1416.000000 0.630121 9.688285 12.229994 8000.000000
 1417.000000 0.641106 10.235645 12.264266 8000.000000
 1418.000000 0.663871 10.413045 12.301023 8000.000000
 1419.000000 0.590107 8.306722 12.323617 8000.000000
 1420.000000 0.572078 7.410559 12.332103 8000.000000
 1421.000000 0.572433 7.429548 12.334829 8000.000000
 1422.000000 0.597066 8.534109 12.341700 8000.000000
 1423.000000 0.605260 8.730436 12.357657 8000.000000
 1424.000000 0.545724 5.913595 12.361396 8000.000000
 1425.000000 0.657506 10.536887 12.376938 8000.000000
 1426.000000 0.622062 9.281650 12.401242 8000.000000
 1427.000000 0.604331 8.715708 12.419802 8000.000000
 1428.000000 0.627565 9.553018 12.437661 8000.000000
 1429.000000 0.661234 10.480142 12.468188 8000.000000
 1430.000000 0.604625 8.722004 12.500450 8000.000000
 1431.000000 0.605920 8.751612 12.512469 8000.000000
 1432.000000 0.611381 8.886816 12.526939 8000.000000
 1433.000000 0.634032 9.896380 12.550718 8000.000000
 1434.000000 0.598080 8.577221 12.568896 8000.000000
 1435.000000 0.654617 10.551929 12.589537 8000.000000
 1436.000000 0.671538 10.149619 12.619836 8000.000000
 1437.000000 0.621502 9.256237 12.637863 8000.000000
 1438.000000 0.704524 10.070448 12.668159 8000.000000
 1439.000000 0.654189 10.551477 12.696303 8000.000000
 1440.000000 0.675639 9.992462 12.727608 8000.000000
 1441.000000 0.636352 10.069712 12.762016 8000.000000
 1442.000000 0.686707 10.010351 12.794649 8000.000000
 1443.000000 0.704623 10.203147 12.828954 8000.000000
 1444.000000 0.629515 9.681735 12.862234 8000.000000
 1445.000000 0.670917 10.530536 12.893319 8000.000000
 1446.000000 0.685171 10.045320 12.925789 8000.000000
 1447.000000 0.708107 10.314427 12.957961 8000.000000
 1448.000000 0.710334 10.379852 12.991900 8000.000000
 1449.000000 0.620318 9.211977 13.014141 8000.000000
 1450.000000 0.706193 10.254919 13.045940 8000.000000
 1451.000000 0.665428 10.690222 13.080705 8000.000000
 1452.000000 0.701786 10.113563 13.116055 8000.000000
 1453.000000 0.651055 10.697738 13.147558 8000.000000
 1454.000000 0.653173 10.742577 13.181183 8000.000000
 1455.000000 0.667442 10.637595 13.217408 8000.000000
 1456.000000 0.740719 8.979626 13.247039 8000.000000
 1457.000000 0.684658 10.066120 13.280003 8000.000000
 1458.000000 0.663458 10.729456 13.316148 8000.000000
 1459.000000 0.609469 8.835208 13.342697 8000.000000
 1460.000000 0.669769 10.568335 13.372771 8000.000000
 1461.000000 0.691876 9.978113 13.404078 8000.000000
 1462.000000 0.589140 8.321277 13.434739 8000.000000
 1463.000000 0.688851 9.993702 13.450836 8000.000000
 1464.000000 0.727173 10.465418 13.475876 8000.000000
 1465.000000 0.642093 10.366170 13.510800 8000.000000
 1466.000000 0.650655 10.688176 13.548060 8000.000000
 1467.000000 0.605852 8.750928 13.569358 8000.000000
 1468.000000 0.701856 10.177134 13.598644 8000.000000
 1469.000000 0.662485 10.745013 13.632991 8000.000000
 1470.000000 0.689049 9.993060 13.666910 8000.000000
 1471.000000 0.637508 10.133206 13.702782 8000.000000
 1472.000000 0.630631 9.744670 13.738174 8000.000000
 1473.000000 0.650377 10.912506 13.777184 8000.000000
 1474.000000 0.682769 10.129299 13.818695 8000.000000
 1475.000000 0.698225 10.066760 13.849551 8000.000000
 1476.000000 0.694492 9.998397 13.884522 8000.000000
 1477.000000 0.665992 10.754106 13.922339 8000.000000
 1478.000000 0.690359 9.986098 13.959470 8000.000000
 1479.000000 0.674422 10.440803 13.991210 8000.000000
 1480.000000 0.629611 10.063200 14.022351 8000.000000
 1481.000000 0.682529 10.137661 14.062403 8000.000000
 1482.000000 0.644598 10.774310 14.094187 8000.000000
 1483.000000 0.620107 9.530524 14.120753 8000.000000
 1484.000000 0.621589 9.609660 14.145435 8000.000000
 1485.000000 0.646965 10.842366 14.181687 8000.000000
 1486.000000 0.669496 10.633998 14.223810 8000.000000
 1487.000000 0.616842 9.365724 14.258748 8000.000000
 1488.000000 0.651302 10.924107 14.292378 8000.000000
 1489.000000 0.646537 11.156740 14.334231 8000.000000
 1490.000000 0.684954 10.149639 14.372900 8000.000000
 1491.000000 0.611063 9.157491 14.413841 8000.000000
 1492.000000 0.661282 11.174791 14.445431 8000.000000
 1493.000000 0.682773 10.226200 14.479668 8000.000000
 1494.000000 0.634214 10.551721 14.524244 8000.000000
 1495.000000 0.626149 10.017876 14.558495 8000.000000
 1496.000000 0.653850 11.276669 14.579057 8000.000000
 1497.000000 0.640052 10.888969 14.625868 8000.000000
 1498.000000 0.668177 10.915926 14.673027 8000.000000
 1499.000000 0.662839 11.125977 14.718880 8000.000000
 1500.000000 0.651085 11.256202 14.754359 8000.000000
 1501.000000 0.614406 9.313859 14.795477 8000.000000
 1502.000000 0.630317 10.296394 14.817423 8000.000000
 1503.000000 0.626022 10.009381 14.844828 8000.000000
 1504.000000 0.590028 8.402267 14.863871 8000.000000
 1505.000000 0.576001 8.142954 14.873975 8000.000000
 1506.000000 0.624285 9.993576 14.891287 8000.000000
 1507.000000 0.635215 10.647730 14.936874 8000.000000
 1508.000000 0.664006 11.086448 14.974707 8000.000000
 1509.000000 0.658698 11.234250 15.019907 8000.000000
 1510.000000 0.675749 10.545832 15.056439 8000.000000
 1511.000000 0.695277 10.038472 15.095044 8000.000000
 1512.000000 0.640944 10.949452 15.128888 8000.000000
 1513.000000 0.640612 10.934815 15.157737 8000.000000
 1514.000000 0.611949 9.433306 15.199587 8000.000000
 1515.000000 0.564858 7.580263 15.205526 8000.000000
 1516.000000 0.673606 10.653336 15.235960 8000.000000
 1517.000000 0.648503 11.214960 15.270639 8000.000000
 1518.000000 0.643996 11.077971 15.315184 8000.000000
 1519.000000 0.647795 11.197835 15.360000 8000.000000
 1520.000000 0.639651 10.888055 15.404692 8000.000000
 1521.000000 0.658973 11.439587 15.453250 8000.000000
 1522.000000 0.689699 10.059910 15.503187 8000.000000
 1523.000000 0.657806 11.471359 15.537104 8000.000000
 1524.000000 0.634667 10.941380 15.577057 8000.000000
 1525.000000 0.663716 11.259453 15.627321 8000.000000
 1526.000000 0.686917 10.113414 15.661806 8000.000000
 1527.000000 0.663391 11.273810 15.697719 8000.000000
 1528.000000 0.615454 9.720437 15.735751 8000.000000
 1529.000000 0.644879 11.435373 15.763848 8000.000000
 1530.000000 0.621295 10.049652 15.799511 8000.000000
 1531.000000 0.611636 9.549129 15.841275 8000.000000
 1532.000000 0.633376 10.859084 15.867443 8000.000000
 1533.000000 0.600180 9.183802 15.893114 8000.000000
 1534.000000 0.616185 9.757345 15.922448 8000.000000
 1535.000000 0.663793 11.256015 15.959976 8000.000000
 1536.000000 0.651291 11.545982 16.004322 8000.000000
 1537.000000 0.644629 11.725065 16.064603 8000.000000
 1538.000000 0.654505 11.844613 16.121581 8000.000000
 1539.000000 0.591501 8.909572 16.155550 8000.000000
 1540.000000 0.656630 11.801879 16.197590 8000.000000
 1541.000000 0.668268 11.251728 16.252432 8000.000000
 1542.000000 0.603699 9.300266 16.285767 8000.000000
 1543.000000 0.686859 10.179668 16.322540 8000.000000
 1544.000000 0.663795 11.514477 16.378534 8000.000000
 1545.000000 0.653421 11.856318 16.427368 8000.000000
 1546.000000 0.675472 10.778541 16.465894 8000.000000
 1547.000000 0.657474 11.779278 16.511314 8500.000000
 1548.000000 0.636230 11.274454 16.568897 8500.000000
 1549.000000 0.584883 8.617119 16.586042 8500.000000
 1550.000000 0.653539 11.855247 16.626535 8500.000000
 1551.000000 0.690635 10.090596 16.682365 8500.000000
 1552.000000 0.612281 9.622729 16.719263 8500.000000
 1553.000000 0.671377 11.050557 16.753194 8500.000000
 1554.000000 0.703945 10.278163 16.786792 8500.000000
 1555.000000 0.636429 11.287953 16.835155 8500.000000
 1556.000000 0.612762 9.645431 16.858750 8500.000000
 1557.000000 0.588940 8.805921 16.881345 8500.000000
 1558.000000 0.637287 11.345010 16.900619 8500.000000
 1559.000000 0.675191 10.796933 16.950369 8500.000000
 1560.000000 0.683825 10.300542 16.980130 8500.000000
 1561.000000 0.627250 10.595694 17.023467 8500.000000
 1562.000000 0.643168 11.665061 17.066021 8500.000000
 1563.000000 0.635970 11.256607 17.108421 8500.000000
 1564.000000 0.628414 10.686880 17.145897 8500.000000
 1565.000000 0.648711 12.038820 17.206112 8500.000000
 1566.000000 0.646539 12.014064 17.264772 8500.000000
 1567.000000 0.673119 10.962053 17.329230 8500.000000
 1568.000000 0.681184 10.443590 17.359776 8500.000000
 1569.000000 0.683017 10.346562 17.412766 8500.000000
 1570.000000 0.665835 11.459300 17.449935 8500.000000
 1571.000000 0.609061 9.697781 17.489634 8500.000000
 1572.000000 0.613002 9.911641 17.526118 9000.000000
 1573.000000 0.659342 11.821929 17.584270 9000.000000
 1574.000000 0.656663 11.927430 17.647025 9000.000000
 1575.000000 0.605517 9.537263 17.689166 9000.000000
 1576.000000 0.626706 10.896678 17.705717 9000.000000
 1577.000000 0.645986 12.004047 17.764454 9000.000000
 1578.000000 0.667692 11.337528 17.817088 9000.000000
 1579.000000 0.696665 10.088751 17.863136 9000.000000
 1580.000000 0.687432 10.167529 17.889468 9000.000000
 1581.000000 0.676712 10.717123 17.926141 9000.000000
 1582.000000 0.618943 10.298576 17.961593 9000.000000
 1583.000000 0.631104 11.236008 17.983783 9000.000000
 1584.000000 0.568539 7.761654 18.002329 9000.000000
 1585.000000 0.597713 9.385025 18.014559 9000.000000
 1586.000000 0.592496 9.240019 18.031884 9000.000000
 1587.000000 0.628394 11.033108 18.049335 9000.000000
 1588.000000 0.598910 9.417467 18.084740 9000.000000
 1589.000000 0.556774 7.580874 18.081888 9000.000000
 1590.000000 0.584784 8.974266 18.095388 9000.000000
 1591.000000 0.526015 4.641143 18.089955 9000.000000
 1592.000000 0.579838 8.762140 18.094848 9000.000000
 1593.000000 0.574540 8.515086 18.106477 9000.000000
 1594.000000 0.601638 9.495325 18.123480 9000.000000
 1595.000000 0.586290 9.031806 18.133657 9000.000000
 1596.000000 0.577827 8.669522 18.144599 9000.000000
 1597.000000 0.614922 10.058912 18.158498 9000.000000
 1598.000000 0.567408 8.164551 18.177681 9000.000000
 1599.000000 0.599994 9.448518 18.187446 9000.000000
 1600.000000 0.650484 12.043215 18.234427 9000.000000
 1601.000000 0.621640 10.512994 18.289406 9000.000000
 1602.000000 0.627776 10.985062 18.341061 9000.000000
 1603.000000 0.582507 8.906840 18.362385 9000.000000
 1604.000000 0.590810 9.248632 18.374708 9000.000000
 1605.000000 0.660413 11.860402 18.409964 9000.000000
 1606.000000 0.650506 12.217467 18.466064 9000.000000
 1607.000000 0.582288 8.896904 18.495375 9000.000000
 1608.000000 0.603746 9.720941 18.525368 9500.000000
 1609.000000 0.587872 9.135451 18.535778 9500.000000
 1610.000000 0.635867 11.877166 18.582156 9500.000000
 1611.000000 0.632506 11.666025 18.627676 9500.000000
 1612.000000 0.625773 11.161460 18.680890 9500.000000
 1613.000000 0.624696 11.075297 18.716251 9500.000000
 1614.000000 0.634621 11.802688 18.740043 9500.000000
 1615.000000 0.639653 12.060730 18.802409 9500.000000
 1616.000000 0.604715 9.826915 18.844996 9500.000000
 1617.000000 0.593766 9.377146 18.871864 9500.000000
 1618.000000 0.615207 10.490195 18.900033 9500.000000
 1619.000000 0.565785 8.085335 18.915446 9500.000000
 1620.000000 0.564159 7.998820 18.919792 9500.000000
 1621.000000 0.577890 8.689745 18.923953 9500.000000
 1622.000000 0.520688 4.081642 18.924235 9500.000000
 1623.000000 0.573965 8.497681 18.920732 9500.000000
 1624.000000 0.644612 12.494100 18.945962 9500.000000
 1625.000000 0.678379 10.669144 18.994271 9500.000000
 1626.000000 0.654351 12.359971 19.043694 9500.000000
 1627.000000 0.676890 10.774494 19.088031 9500.000000
 1628.000000 0.687718 10.180379 19.114162 9500.000000
 1629.000000 0.614890 10.465893 19.159405 9500.000000
 1630.000000 0.671996 11.150065 19.210437 9500.000000
 1631.000000 0.666031 11.626409 19.257296 9500.000000
 1632.000000 0.694732 10.079585 19.297123 9500.000000
 1633.000000 0.666971 11.551482 19.342225 9500.000000
 1634.000000 0.663225 11.837649 19.396069 9500.000000
 1635.000000 0.670729 11.536903 19.467353 9500.000000
 1636.000000 0.658539 12.446787 19.503043 10000.000000
 1637.000000 0.707470 10.437170 19.557321 10000.000000
 1638.000000 0.677084 11.000599 19.588018 10000.000000
 1639.000000 0.672637 11.372485 19.633534 10000.000000
 1640.000000 0.636047 12.302292 19.702685 10000.000000
 1641.000000 0.617794 10.913914 19.770256 10000.000000
 1642.000000 0.665646 12.055547 19.834033 10000.000000
 1643.000000 0.627367 11.859204 19.896404 10000.000000
 1644.000000 0.629539 12.065596 19.979976 10000.000000
 1645.000000 0.623808 11.506727 20.036534 10000.000000
 1646.000000 0.617808 10.915295 20.063228 10000.000000
 1647.000000 0.607808 10.106557 20.097569 10000.000000
 1648.000000 0.639780 12.804429 20.127642 10000.000000
 1649.000000 0.703059 10.291574 20.185211 10000.000000
 1650.000000 0.699357 10.202554 20.209474 10000.000000
 1651.000000 0.707101 10.423944 20.235942 10000.000000
 1652.000000 0.665828 12.039816 20.262372 10000.000000
 1653.000000 0.620861 11.211699 20.311838 10000.000000
 1654.000000 0.697112 10.176079 20.358525 10000.000000
 1655.000000 0.635517 12.556551 20.408243 10000.000000
 1656.000000 0.698639 10.191638 20.475212 10000.000000
 1657.000000 0.667118 11.926744 20.531693 10000.000000
 1658.000000 0.706251 10.397079 20.567215 10000.000000
 1659.000000 0.683901 10.532295 20.593848 10000.000000
 1660.000000 0.694172 10.173884 20.619644 10000.000000
 1661.000000 0.687540 10.682784 20.654620 10000.000000
 1662.000000 0.674706 11.466268 20.732355 10000.000000
 1663.000000 0.669826 11.855159 20.771403 10000.000000
 1664.000000 0.706251 10.697639 20.815345 10000.000000
 1665.000000 0.685054 10.789904 20.846583 10000.000000
 1666.000000 0.714337 10.864435 20.877381 10000.000000
 1667.000000 0.679143 11.140252 20.924826 10000.000000
 1668.000000 0.691764 10.565288 20.955227 10000.000000
 1669.000000 0.691103 10.578355 20.987602 10000.000000
 1670.000000 0.702453 10.602976 21.017826 10000.000000
 1671.000000 0.673039 11.597178 21.051072 10000.000000
 1672.000000 0.695214 10.530602 21.091355 10000.000000
 1673.000000 0.711846 10.827008 21.120193 10000.000000
 1674.000000 0.736554 9.809621 21.150834 10000.000000
 1675.000000 0.716907 10.876434 21.166619 10000.000000
 1676.000000 0.687983 10.667686 21.199839 10000.000000
 1677.000000 0.773547 6.044244 21.212708 10000.000000
 1678.000000 0.681034 11.015892 21.242215 10000.000000
 1679.000000 0.706199 10.696309 21.271218 10000.000000
 1680.000000 0.682602 10.920258 21.303882 10000.000000
 1681.000000 0.678543 11.509679 21.348127 10000.000000
 1682.000000 0.690588 10.898922 21.401922 10000.000000
 1683.000000 0.644117 13.016252 21.449691 10000.000000
 1684.000000 0.693839 10.823068 21.524809 10000.000000
 1685.000000 0.694179 10.817613 21.559053 10000.000000
 1686.000000 0.702456 10.807538 21.592070 10000.000000
 1687.000000 0.717954 10.942276 21.625658 10000.000000
 1688.000000 0.699371 10.787033 21.659758 10000.000000
 1689.000000 0.708848 10.903140 21.693888 10000.000000
 1690.000000 0.711320 10.936152 21.727485 10000.000000
 1691.000000 0.716231 10.957689 21.761642 10000.000000
 1692.000000 0.766638 6.896021 21.781078 10000.000000
 1693.000000 0.700856 10.795035 21.796907 10000.000000
 1694.000000 0.715249 10.960453 21.839873 10000.000000
 1695.000000 0.681072 11.347244 21.874349 10000.000000
 1696.000000 0.707469 10.880845 21.912443 10000.000000
 1697.000000 0.704320 10.834106 21.963814 10000.000000
 1698.000000 0.704588 10.838063 21.983261 10000.000000
 1699.000000 0.668829 12.199371 22.024120 10000.000000
 1700.000000 0.690265 10.911384 22.068416 10000.000000
 1701.000000 0.676277 11.927058 22.138222 10000.000000
 1702.000000 0.674077 12.062374 22.181213 10000.000000
 1703.000000 0.727222 10.645339 22.235382 10000.000000
 1704.000000 0.714886 11.117481 22.276678 10000.000000
 1705.000000 0.698705 11.092671 22.309942 10000.000000
 1706.000000 0.705913 11.105265 22.362261 10000.000000
 1707.000000 0.727854 10.600990 22.397041 10000.000000
 1708.000000 0.726955 10.663479 22.411041 10000.000000
 1709.000000 0.755943 7.983541 22.430559 10000.000000
 1710.000000 0.766032 6.964223 22.429449 10000.000000
 1711.000000 0.752207 8.326449 22.429881 10000.000000
 1712.000000 0.750557 8.479952 22.435177 10000.000000
 1713.000000 0.740886 9.411303 22.451510 10000.000000
 1714.000000 0.656843 12.995293 22.512338 10000.000000
 1715.000000 0.686458 11.382301 22.586227 10000.000000
 1716.000000 0.688368 11.308766 22.630544 10000.000000
 1717.000000 0.680682 11.670102 22.669307 10000.000000
 1718.000000 0.716910 11.091212 22.711104 10000.000000
 1719.000000 0.682963 11.547725 22.746033 10000.000000
 1720.000000 0.679172 11.755375 22.827839 10000.000000
 1721.000000 0.717839 11.120747 22.866474 10000.000000
 1722.000000 0.734832 10.013891 22.899001 10000.000000
 1723.000000 0.676243 12.233672 22.928647 10000.000000
 1724.000000 0.686240 11.680894 23.004267 10000.000000
 1725.000000 0.710217 11.219238 23.041359 10000.000000
 1726.000000 0.668666 12.666083 23.087163 10000.000000
 1727.000000 0.675532 12.275320 23.144982 10000.000000
 1728.000000 0.733104 10.177794 23.192290 10000.000000
 1729.000000 0.671562 12.506192 23.228583 10000.000000
 1730.000000 0.650950 13.231886 23.286641 10000.000000
 1731.000000 0.708241 11.224222 23.347494 10000.000000
 1732.000000 0.704465 11.234959 23.385193 10000.000000
 1733.000000 0.655247 13.195974 23.453366 10000.000000
 1734.000000 0.687660 11.615901 23.524182 10000.000000
 1735.000000 0.684043 11.792783 23.589166 10000.000000
 1736.000000 0.676111 12.241400 23.656710 10000.000000
 1737.000000 0.675334 12.286900 23.721697 10000.000000
 1738.000000 0.761800 7.416831 23.731690 10000.000000
 1739.000000 0.641479 12.995002 23.797919 10000.000000
 1740.000000 0.703379 11.239109 23.866237 10000.000000
 1741.000000 0.662813 12.994499 23.929583 10000.000000
 1742.000000 0.632989 12.412705 24.019318 10000.000000
 1743.000000 0.626334 11.778888 24.075378 10000.000000
 1744.000000 0.665899 12.865134 24.120724 10000.000000
 1745.000000 0.659453 13.113393 24.193123 10000.000000
 1746.000000 0.577812 8.690223 24.245746 10000.000000
 1747.000000 0.609627 10.229702 24.266146 10000.000000
 1748.000000 0.600456 9.698063 24.278256 10000.000000
 1749.000000 0.621850 11.319533 24.327754 10000.000000
 1750.000000 0.605313 9.952694 24.373813 10000.000000
 1751.000000 0.587191 9.132597 24.384466 10000.000000
 1752.000000 0.649816 13.235392 24.413795 10000.000000
 1753.000000 0.666468 12.841001 24.492928 10000.000000
 1754.000000 0.649020 13.227019 24.573730 10000.000000
 1755.000000 0.617903 10.928884 24.611864 10000.000000
 1756.000000 0.595142 9.466323 24.629111 10000.000000
 1757.000000 0.645893 13.167686 24.658386 10000.000000
 1758.000000 0.643545 13.088564 24.751798 10000.000000
 1759.000000 0.610725 10.311916 24.798419 10000.000000
 1760.000000 0.601756 9.760761 24.824985 10000.000000
 1761.000000 0.680395 12.160780 24.880455 10000.000000
 1762.000000 0.627522 12.060597 24.960043 10000.000000
 1763.000000 0.593961 9.765441 24.987479 10000.000000
 1764.000000 0.601721 10.134961 25.008409 10000.000000
 1765.000000 0.660014 13.103004 25.058783 10000.000000
 1766.000000 0.630155 12.291025 25.148879 10000.000000
 1767.000000 0.613229 10.829187 25.186035 10000.000000
 1768.000000 0.602437 10.170608 25.242915 10000.000000
 1769.000000 0.629669 12.249453 25.301593 10000.000000
 1770.000000 0.645248 13.184678 25.365216 10000.000000
 1771.000000 0.664794 12.916628 25.460193 10000.000000
 1772.000000 0.681334 12.117016 25.519288 10000.000000
 1773.000000 0.576953 8.822487 25.571699 10000.000000
 1774.000000 0.606513 10.389921 25.588998 10000.000000
 1775.000000 0.573074 8.589738 25.618648 10000.000000
 1776.000000 0.637223 12.824119 25.644045 10000.000000
 1777.000000 0.642927 13.107900 25.719164 10000.000000
 1778.000000 0.682081 12.082919 25.803907 10000.000000
 1779.000000 0.621333 11.500148 25.867844 10000.000000
 1780.000000 0.695925 11.638903 25.937903 10000.000000
 1781.000000 0.600676 10.083873 25.990467 10000.000000
 1782.000000 0.664042 13.035892 26.045394 10000.000000
 1783.000000 0.680327 12.393749 26.115264 10000.000000
 1784.000000 0.580308 9.023930 26.171745 10000.000000
 1785.000000 0.638150 12.885387 26.209137 10000.000000
 1786.000000 0.668386 12.873367 26.292734 10000.000000
 1787.000000 0.636690 12.793949 26.362640 10000.000000
 1788.000000 0.620412 11.418105 26.390782 10000.000000
 1789.000000 0.574513 8.676045 26.427277 10000.000000
 1790.000000 0.576503 8.795552 26.432913 10000.000000
 1791.000000 0.544338 6.621215 26.434349 10000.000000
 1792.000000 0.481108 0.930549 26.421374 10000.000000
 1793.000000 0.486563 1.278028 26.407663 10000.000000
 1794.000000 0.509675 3.064938 26.393998 10000.000000
 1795.000000 0.536485 5.806921 26.383616 10000.000000
 1796.000000 0.511261 3.200647 26.373351 10000.000000
 1797.000000 0.439483 0.009339 26.359408 10000.000000
 1798.000000 0.454004 0.078422 26.345471 10000.000000
 1799.000000 0.423083 0.000000 26.331389 10000.000000
 1800.000000 0.443639 0.019964 26.317325 10000.000000
 1801.000000 0.477437 0.969905 26.303523 10000.000000
 1802.000000 0.470314 0.831275 26.289743 10000.000000
 1803.000000 0.463608 0.833750 26.275974 10000.000000
 1804.000000 0.432209 0.850556 26.262195 10000.000000
 1805.000000 0.466385 0.819144 26.248441 10000.000000
 1806.000000 0.473344 0.869101 26.234702 10000.000000
 1807.000000 0.407505 0.195143 26.221016 10000.000000
 1808.000000 0.442125 1.011150 26.207230 10000.000000
 1809.000000 0.441920 1.009842 26.193546 10000.000000
 1810.000000 0.444017 1.018903 26.179839 10000.000000
 1811.000000 0.416696 0.402760 26.166143 10000.000000
 1812.000000 0.432743 0.863569 26.152388 10000.000000
 1813.000000 0.430918 0.817577 26.138761 10000.000000
 1814.000000 0.474475 0.891606 26.125107 10000.000000
 1815.000000 0.479109 1.025438 26.111519 10000.000000
 1816.000000 0.394898 0.051223 26.097821 10000.000000
