#! FIELDS time dist wtm.bias wtm.acc wtm.pace
 0.000000 0.959812 0.000000 1.000000 500.000000
 1.000000 0.883808 0.000000 1.000000 500.000000
 2.000000 0.946244 0.007652 1.146622 500.000000
 3.000000 0.912117 0.600279 1.236470 500.000000
 4.000000 0.935638 1.374538 1.387033 500.000000
 5.000000 0.915505 2.044689 1.548016 1000.000000
 6.000000 0.916315 2.874529 1.757160 1000.000000
 7.000000 0.974426 0.532091 1.873316 1000.000000
 8.000000 0.953104 1.932218 1.851900 1000.000000
 9.000000 1.001581 0.069208 1.895712 1000.000000
 10.000000 0.979563 0.684089 1.811554 1000.000000
 11.000000 0.963799 2.523981 1.955407 1000.000000
 12.000000 0.940886 3.701711 2.024441 1000.000000
 13.000000 0.911055 3.796385 2.312449 1000.000000
 14.000000 1.004715 0.473339 2.449849 1000.000000
 15.000000 0.955174 3.607905 2.444679 1000.000000
 16.000000 0.947468 4.101634 2.649787 1500.000000
 17.000000 0.915497 4.247472 2.874663 1500.000000
 18.000000 0.832203 0.035833 2.834797 1500.000000
 19.000000 0.878858 1.579849 2.756803 1500.000000
 20.000000 0.838560 1.024692 2.734004 1500.000000
 21.000000 0.815114 0.694411 2.669750 1500.000000
 22.000000 0.790819 0.563183 2.624595 1500.000000
 23.000000 0.796266 0.796632 2.573053 1500.000000
 24.000000 0.813120 1.562122 2.534287 1500.000000
 25.000000 0.795127 1.315339 2.512594 1500.000000
 26.000000 0.855126 1.126269 2.484049 1500.000000
 27.000000 0.846717 1.429526 2.476583 1500.000000
 28.000000 0.855335 1.911468 2.481444 1500.000000
 29.000000 0.869091 1.647436 2.471148 1500.000000
 30.000000 0.886436 2.159172 2.457461 1500.000000
 31.000000 0.792747 1.173151 2.469174 1500.000000
 32.000000 0.717979 0.000000 2.424186 1500.000000
 33.000000 0.760097 0.046671 2.381094 1500.000000
 34.000000 0.760089 1.041953 2.351452 1500.000000
 35.000000 0.793103 1.453503 2.328600 1500.000000
 36.000000 0.779224 1.052601 2.309729 1500.000000
 37.000000 0.733787 0.487116 2.294543 1500.000000
 38.000000 0.739746 0.721388 2.270183 1500.000000
 39.000000 0.802822 2.488073 2.262746 1500.000000
 40.000000 0.830800 3.263456 2.306357 1500.000000
 41.000000 0.865221 2.128428 2.329973 1500.000000
 42.000000 0.813123 3.554800 2.341898 1500.000000
 43.000000 0.710216 0.046724 2.345524 1500.000000
 44.000000 0.702657 0.016100 2.315831 1500.000000
 45.000000 0.741910 0.823706 2.290742 1500.000000
 46.000000 0.698129 0.092052 2.265372 1500.000000
 47.000000 0.708225 0.257365 2.241477 1500.000000
 48.000000 0.708664 0.269518 2.216439 1500.000000
 49.000000 0.739967 1.938852 2.210159 1500.000000
 50.000000 0.637246 0.000000 2.192380 1500.000000
 51.000000 0.668782 0.133281 2.169100 1500.000000
 52.000000 0.650581 0.666536 2.156869 1500.000000
 53.000000 0.671956 1.157021 2.144944 1500.000000
 54.000000 0.688425 1.218229 2.135754 1500.000000
 55.000000 0.675546 1.902048 2.134765 1500.000000
 56.000000 0.647592 0.682218 2.122799 1500.000000
 57.000000 0.657827 1.162368 2.115547 1500.000000
 58.000000 0.639993 0.998064 2.105479 1500.000000
 59.000000 0.588599 0.002227 2.090299 1500.000000
 60.000000 0.628503 0.443615 2.072787 1500.000000
 61.000000 0.605842 0.540734 2.062281 1500.000000
 62.000000 0.578856 0.043917 2.047306 1500.000000
 63.000000 0.670349 2.566137 2.042507 1500.000000
 64.000000 0.697780 2.491345 2.058883 1500.000000
 65.000000 0.678753 3.246670 2.067291 1500.000000
 66.000000 0.656534 2.954326 2.085590 1500.000000
 67.000000 0.639163 2.519518 2.101180 1500.000000
 68.000000 0.638980 2.505848 2.117439 1500.000000
 69.000000 0.716146 1.880426 2.133425 1500.000000
 70.000000 0.747980 2.387429 2.140506 1500.000000
 71.000000 0.746761 2.384260 2.147094 1500.000000
 72.000000 0.699935 3.063594 2.154531 1500.000000
 73.000000 0.607596 0.643924 2.153989 1500.000000
 74.000000 0.716351 3.229710 2.171915 1500.000000
 75.000000 0.757930 2.434419 2.179522 1500.000000
 76.000000 0.694997 3.924415 2.199587 1500.000000
 77.000000 0.658702 3.893635 2.236469 1500.000000
 78.000000 0.719614 3.216923 2.266072 1500.000000
 79.000000 0.778323 3.127179 2.289666 1500.000000
 80.000000 0.745737 3.394804 2.311988 1500.000000
 81.000000 0.731145 3.594826 2.330054 1500.000000
 82.000000 0.608025 0.661424 2.358581 1500.000000
 83.000000 0.636315 2.311889 2.360319 1500.000000
 84.000000 0.636353 2.314675 2.350161 1500.000000
 85.000000 0.682553 4.380676 2.377663 1500.000000
 86.000000 0.665679 4.448445 2.418169 1500.000000
 87.000000 0.623701 2.112760 2.439066 1500.000000
 88.000000 0.618836 2.509677 2.440436 1500.000000
 89.000000 0.604170 1.232963 2.441032 1500.000000
 90.000000 0.643266 4.089926 2.459387 1500.000000
 91.000000 0.599924 0.989337 2.469578 1500.000000
 92.000000 0.678449 4.571011 2.502405 1500.000000
 93.000000 0.640935 4.651915 2.531651 1500.000000
 94.000000 0.646922 5.477606 2.597175 1500.000000
 95.000000 0.595611 0.749945 2.605717 1500.000000
 96.000000 0.608407 1.892455 2.631809 1500.000000
 97.000000 0.656199 5.518840 2.662703 1500.000000
 98.000000 0.644417 5.578434 2.714516 1500.000000
 99.000000 0.607605 2.630259 2.769266 1500.000000
 100.000000 0.618815 4.541551 2.766114 1500.000000
 101.000000 0.684766 4.511706 2.826127 1500.000000
 102.000000 0.666646 5.167094 2.860635 1500.000000
 103.000000 0.580439 0.775019 2.911939 1500.000000
 104.000000 0.582439 0.904119 2.896124 1500.000000
 105.000000 0.577076 0.587067 2.880459 1500.000000
 106.000000 0.694058 4.681126 2.911864 1500.000000
 107.000000 0.603773 3.359111 2.969058 1500.000000
 108.000000 0.583916 1.897106 2.972888 1500.000000
 109.000000 0.586443 2.868118 2.976606 1500.000000
 110.000000 0.630400 5.553349 3.010948 1500.000000
 111.000000 0.636139 5.810664 3.078830 1500.000000
 112.000000 0.689609 4.777587 3.137915 1500.000000
 113.000000 0.681856 5.064461 3.171207 1500.000000
 114.000000 0.687025 4.851846 3.208103 1500.000000
 115.000000 0.672066 6.081851 3.274693 1500.000000
 116.000000 0.686187 5.495769 3.345764 1500.000000
 117.000000 0.662995 6.432546 3.419294 1500.000000
 118.000000 0.684033 5.876163 3.481833 1500.000000
 119.000000 0.688338 5.660135 3.552476 2000.000000
 120.000000 0.707451 5.044294 3.590777 2000.000000
 121.000000 0.651696 7.119822 3.662434 2000.000000
 122.000000 0.593414 3.312719 3.718833 2000.000000
 123.000000 0.711807 5.527715 3.780865 2000.000000
 124.000000 0.698373 5.826481 3.830302 2000.000000
 125.000000 0.699175 6.369969 3.885084 2000.000000
 126.000000 0.735893 4.520888 3.910333 2000.000000
 127.000000 0.676673 6.789919 3.966139 2000.000000
 128.000000 0.681164 6.673850 4.055305 2000.000000
 129.000000 0.676831 7.286071 4.159939 2000.000000
 130.000000 0.622043 5.581926 4.258511 2000.000000
 131.000000 0.595206 3.424272 4.262330 2000.000000
 132.000000 0.631623 6.350931 4.277277 2000.000000
 133.000000 0.587781 3.022219 4.327043 2000.000000
 134.000000 0.602962 4.150026 4.334936 2000.000000
 135.000000 0.594071 3.444091 4.333617 2000.000000
 136.000000 0.607606 4.580837 4.334812 2000.000000
 137.000000 0.567676 1.766058 4.339832 2000.000000
 138.000000 0.559572 1.164535 4.321921 2000.000000
 139.000000 0.562773 1.391324 4.301349 2000.000000
 140.000000 0.548418 0.535646 4.283982 2000.000000
 141.000000 0.569525 2.455244 4.280612 2000.000000
 142.000000 0.576615 2.839991 4.270578 2000.000000
 143.000000 0.598698 4.404221 4.276000 2000.000000
 144.000000 0.557215 1.868386 4.278287 2000.000000
 145.000000 0.595009 4.231011 4.275552 2000.000000
 146.000000 0.555474 2.617793 4.274335 2000.000000
 147.000000 0.581750 3.536111 4.276824 2000.000000
 148.000000 0.597576 4.414233 4.291717 2000.000000
 149.000000 0.577401 3.769599 4.288599 2000.000000
 150.000000 0.650926 7.720256 4.330774 2000.000000
 151.000000 0.599495 5.202071 4.394490 2000.000000
 152.000000 0.525432 0.769333 4.382561 2000.000000
 153.000000 0.556636 3.024894 4.373586 2000.000000
 154.000000 0.620825 6.773073 4.392579 2000.000000
 155.000000 0.569390 3.458058 4.403308 2000.000000
 156.000000 0.508015 0.799476 4.392514 2000.000000
 157.000000 0.598879 5.155758 4.406404 2000.000000
 158.000000 0.530550 2.450899 4.402514 2000.000000
 159.000000 0.518585 2.132851 4.394310 2000.000000
 160.000000 0.507610 1.703970 4.381782 2000.000000
 161.000000 0.571556 3.554300 4.375080 2000.000000
 162.000000 0.552437 3.032506 4.368827 2000.000000
 163.000000 0.532725 2.883393 4.363536 2000.000000
 164.000000 0.547883 2.963844 4.361494 2000.000000
 165.000000 0.565471 3.848418 4.358083 2000.000000
 166.000000 0.532941 3.445107 4.367912 2000.000000
 167.000000 0.485000 1.052447 4.354945 2000.000000
 168.000000 0.515683 3.015247 4.347710 2000.000000
 169.000000 0.547386 3.910755 4.350413 2000.000000
 170.000000 0.521976 3.910512 4.353289 2000.000000
 171.000000 0.531040 3.958170 4.355494 2000.000000
 172.000000 0.529983 3.958975 4.356510 2000.000000
 173.000000 0.577704 4.109318 4.365331 2000.000000
 174.000000 0.553705 4.223026 4.370821 2000.000000
 175.000000 0.554898 4.195768 4.375032 2000.000000
 176.000000 0.559787 4.096800 4.379285 2000.000000
 177.000000 0.550382 4.894039 4.393728 2000.000000
 178.000000 0.563767 4.687880 4.407057 2000.000000
 179.000000 0.497289 2.623061 4.419065 2000.000000
 180.000000 0.508128 3.755388 4.404988 2000.000000
 181.000000 0.521707 5.177104 4.417513 2000.000000
 182.000000 0.565831 4.664045 4.433578 2000.000000
 183.000000 0.570594 4.589058 4.443542 2000.000000
 184.000000 0.607388 5.857011 4.457283 2000.000000
 185.000000 0.590484 5.233072 4.508736 2500.000000
 186.000000 0.555034 4.899411 4.522538 2500.000000
 187.000000 0.571508 4.689562 4.534414 2500.000000
 188.000000 0.573693 4.695238 4.552141 2500.000000
 189.000000 0.559979 4.813884 4.564055 2500.000000
 190.000000 0.586881 5.038786 4.576135 2500.000000
 191.000000 0.589898 5.796043 4.597394 2500.000000
 192.000000 0.567361 5.086441 4.618479 2500.000000
 193.000000 0.564038 5.064098 4.635106 2500.000000
 194.000000 0.546332 5.117917 4.652273 2500.000000
 195.000000 0.553150 5.077686 4.667904 2500.000000
 196.000000 0.575104 5.541815 4.696251 2500.000000
 197.000000 0.599532 6.374625 4.722994 2500.000000
 198.000000 0.552381 5.680810 4.765922 2500.000000
 199.000000 0.600592 6.431909 4.803300 2500.000000
 200.000000 0.571743 5.532812 4.827256 2500.000000
 201.000000 0.584328 6.174767 4.861012 2500.000000
 202.000000 0.569338 6.110210 4.896802 2500.000000
 203.000000 0.631126 7.651931 4.937107 2500.000000
 204.000000 0.598805 6.566619 5.018396 2500.000000
 205.000000 0.571512 6.107470 5.048646 2500.000000
 206.000000 0.592763 6.674151 5.095593 2500.000000
 207.000000 0.533455 5.769976 5.125303 2500.000000
 208.000000 0.500392 3.623355 5.125673 2500.000000
 209.000000 0.507411 4.425797 5.113457 2500.000000
 210.000000 0.571483 6.649703 5.143900 2500.000000
 211.000000 0.636586 7.736079 5.207908 2500.000000
 212.000000 0.598655 6.981059 5.266454 2500.000000
 213.000000 0.568794 7.157455 5.312949 2500.000000
 214.000000 0.549667 6.582039 5.357728 2500.000000
 215.000000 0.627758 7.604465 5.422173 2500.000000
 216.000000 0.608267 7.422371 5.499525 2500.000000
 217.000000 0.630256 8.113859 5.584468 3000.000000
 218.000000 0.538304 6.047514 5.628752 3000.000000
 219.000000 0.577840 7.140503 5.670761 3000.000000
 220.000000 0.608668 7.436915 5.725273 3000.000000
 221.000000 0.604120 7.282917 5.782201 3000.000000
 222.000000 0.600452 7.183460 5.836606 3000.000000
 223.000000 0.616681 8.091593 5.926610 3000.000000
 224.000000 0.536578 5.974522 5.979686 3000.000000
 225.000000 0.576200 7.387287 6.009593 3000.000000
 226.000000 0.608580 7.881893 6.071843 3000.000000
 227.000000 0.566141 7.250470 6.142421 3000.000000
 228.000000 0.567909 7.286840 6.195600 3000.000000
 229.000000 0.556583 7.340463 6.258497 3000.000000
 230.000000 0.606078 7.891854 6.326498 3000.000000
 231.000000 0.562049 7.599541 6.402642 3000.000000
 232.000000 0.569574 7.795218 6.437600 3000.000000
 233.000000 0.590009 7.743216 6.511758 3500.000000
 234.000000 0.648568 8.080036 6.586811 3500.000000
 235.000000 0.628008 8.268083 6.673575 3500.000000
 236.000000 0.629512 8.276054 6.761539 3500.000000
 237.000000 0.626944 8.262024 6.841247 3500.000000
 238.000000 0.612261 8.022910 6.917088 3500.000000
 239.000000 0.611245 8.447772 7.015734 3500.000000
 240.000000 0.581835 7.934091 7.100230 3500.000000
 241.000000 0.667084 7.648212 7.177392 3500.000000
 242.000000 0.690293 6.977704 7.218529 3500.000000
 243.000000 0.659028 7.878072 7.269025 3500.000000
 244.000000 0.600573 8.177292 7.351827 3500.000000
 245.000000 0.630642 8.570667 7.433603 3500.000000
 246.000000 0.633060 8.956845 7.548379 4000.000000
 247.000000 0.650951 8.355884 7.650531 4000.000000
 248.000000 0.652316 8.301105 7.731909 4000.000000
 249.000000 0.644294 9.018495 7.839503 4000.000000
 250.000000 0.690262 7.055462 7.890095 4000.000000
 251.000000 0.692183 6.989676 7.938174 4000.000000
 252.000000 0.671340 7.850402 7.990146 4000.000000
 253.000000 0.658234 8.480224 8.090219 4000.000000
 254.000000 0.628181 9.225515 8.155414 4000.000000
 255.000000 0.579471 7.942433 8.230431 4000.000000
 256.000000 0.678092 7.533194 8.317478 4000.000000
 257.000000 0.634511 9.263325 8.423049 4000.000000
 258.000000 0.673919 8.186238 8.533603 4500.000000
 259.000000 0.692800 7.327293 8.575006 4500.000000
 260.000000 0.657266 8.798065 8.643012 4500.000000
 261.000000 0.632939 9.268024 8.762214 4500.000000
 262.000000 0.672736 8.290918 8.861306 4500.000000
 263.000000 0.661559 8.803541 8.958453 4500.000000
 264.000000 0.597786 8.314267 9.075323 4500.000000
 265.000000 0.657402 8.980845 9.199733 4500.000000
 266.000000 0.677303 8.072113 9.237882 4500.000000
 267.000000 0.660263 8.858279 9.329707 4500.000000
 268.000000 0.670417 8.399641 9.439075 4500.000000
 269.000000 0.630802 9.657745 9.523587 5000.000000
 270.000000 0.607402 8.779148 9.649280 5000.000000
 271.000000 0.587621 8.291491 9.740407 5000.000000
 272.000000 0.591432 8.414244 9.805589 5000.000000
 273.000000 0.581175 8.141358 9.877675 5000.000000
 274.000000 0.592599 8.458726 9.933384 5000.000000
 275.000000 0.606066 9.121308 9.997694 5000.000000
 276.000000 0.616157 9.613019 10.134768 5000.000000
 277.000000 0.571929 7.974117 10.233114 5000.000000
 278.000000 0.529485 5.792065 10.234896 5000.000000
 279.000000 0.567566 7.860715 10.263231 5000.000000
 280.000000 0.562755 7.683166 10.304740 5000.000000
 281.000000 0.604340 9.081060 10.347875 5000.000000
 282.000000 0.574067 8.413464 10.425546 5000.000000
 283.000000 0.549769 7.310749 10.503618 5500.000000
 284.000000 0.468219 0.407817 10.479463 5500.000000
 285.000000 0.601725 8.956247 10.476492 5500.000000
 286.000000 0.506766 4.376509 10.505613 5500.000000
 287.000000 0.538422 6.625181 10.505603 5500.000000
 288.000000 0.573902 8.414430 10.591542 5500.000000
 289.000000 0.601594 8.950160 10.690438 5500.000000
 290.000000 0.589534 8.538435 10.757356 5500.000000
 291.000000 0.612840 9.490363 10.863239 5500.000000
 292.000000 0.586644 8.489775 10.940430 5500.000000
 293.000000 0.557004 7.861973 10.997971 5500.000000
 294.000000 0.616628 9.644733 11.068583 5500.000000
 295.000000 0.580218 8.439794 11.177104 5500.000000
 296.000000 0.572730 8.403967 11.248418 5500.000000
 297.000000 0.620894 9.776501 11.301128 5500.000000
 298.000000 0.599433 9.064452 11.423635 5500.000000
 299.000000 0.584100 8.532854 11.505221 6000.000000
 300.000000 0.600798 9.140268 11.586430 6000.000000
 301.000000 0.580182 8.722106 11.651537 6000.000000
 302.000000 0.522613 6.035636 11.713848 6000.000000
 303.000000 0.591359 9.062176 11.753485 6000.000000
 304.000000 0.596907 9.325217 11.839994 6000.000000
 305.000000 0.578876 8.694519 11.911587 6000.000000
 306.000000 0.594660 9.212455 11.983276 6000.000000
 307.000000 0.537592 6.582469 12.047828 6000.000000
 308.000000 0.512922 5.562540 12.043206 6000.000000
 309.000000 0.612066 10.137625 12.104814 6000.000000
 310.000000 0.582324 8.770984 12.253482 6000.000000
 311.000000 0.520766 5.971510 12.250730 6000.000000
 312.000000 0.577555 8.672776 12.285296 6000.000000
 313.000000 0.555532 8.032734 12.362714 6000.000000
 314.000000 0.587258 9.281954 12.397096 6000.000000
 315.000000 0.579632 9.127387 12.477376 6000.000000
 316.000000 0.594614 9.501672 12.561247 6500.000000
 317.000000 0.582540 9.182573 12.659513 6500.000000
 318.000000 0.499641 4.139080 12.695342 6500.000000
 319.000000 0.534615 6.479491 12.684524 6500.000000
 320.000000 0.549617 7.536968 12.697541 6500.000000
 321.000000 0.556939 8.142968 12.703762 6500.000000
 322.000000 0.559833 8.357556 12.765316 6500.000000
 323.000000 0.543581 7.045221 12.820673 6500.000000
 324.000000 0.506783 5.023231 12.824915 6500.000000
 325.000000 0.490947 2.874933 12.799384 6500.000000
 326.000000 0.563479 8.591167 12.806119 6500.000000
 327.000000 0.564718 8.659218 12.849359 6500.000000
 328.000000 0.549447 7.532977 12.910723 6500.000000
 329.000000 0.521568 6.240833 12.898166 6500.000000
 330.000000 0.565347 8.691609 12.949610 6500.000000
 331.000000 0.515111 6.069828 12.979251 6500.000000
 332.000000 0.535712 6.594513 12.979059 6500.000000
 333.000000 0.485645 2.852517 12.954055 6500.000000
 334.000000 0.515049 6.067489 12.934740 6500.000000
 335.000000 0.515784 6.094122 12.945601 6500.000000
 336.000000 0.529163 6.379477 12.943257 6500.000000
 337.000000 0.565733 8.713526 12.980985 6500.000000
 338.000000 0.501302 5.021954 12.989624 6500.000000
 339.000000 0.463386 0.691932 12.965018 6500.000000
 340.000000 0.525806 6.598107 12.946263 6500.000000
 341.000000 0.535544 6.726800 12.953925 6500.000000
 342.000000 0.549704 7.586644 12.998916 6500.000000
 343.000000 0.562039 8.510439 13.017303 6500.000000
 344.000000 0.537015 6.782303 13.031387 6500.000000
 345.000000 0.592506 9.429543 13.089057 6500.000000
 346.000000 0.555146 8.022232 13.114702 6500.000000
 347.000000 0.555425 8.043795 13.138516 6500.000000
 348.000000 0.455623 0.317342 13.135572 6500.000000
 349.000000 0.455960 0.329076 13.100964 6500.000000
 350.000000 0.560078 8.385190 13.101749 6500.000000
 351.000000 0.515221 6.548432 13.118733 6500.000000
 352.000000 0.557921 8.286880 13.132063 6500.000000
 353.000000 0.625824 10.431722 13.211026 6500.000000
 354.000000 0.603245 9.863250 13.323605 6500.000000
 355.000000 0.565461 8.724083 13.390307 6500.000000
 356.000000 0.548660 7.632630 13.436535 6500.000000
 357.000000 0.564694 8.686280 13.489358 6500.000000
 358.000000 0.541852 7.238110 13.505201 7000.000000
 359.000000 0.551726 7.847079 13.516299 7000.000000
 360.000000 0.543759 7.332630 13.573039 7000.000000
 361.000000 0.594604 9.501305 13.608404 7000.000000
 362.000000 0.614793 10.318606 13.703136 7000.000000
 363.000000 0.631439 10.325186 13.837294 7000.000000
 364.000000 0.546191 7.472756 13.889809 7000.000000
 365.000000 0.543890 7.809433 13.945823 7000.000000
 366.000000 0.590695 9.412604 14.013573 7000.000000
 367.000000 0.547201 8.008601 14.063068 7000.000000
 368.000000 0.578080 9.238643 14.129654 7000.000000
 369.000000 0.560959 8.842051 14.199412 7000.000000
 370.000000 0.582702 9.276733 14.257574 7000.000000
 371.000000 0.560657 8.826754 14.331146 7000.000000
 372.000000 0.604680 9.934213 14.431088 7000.000000
 373.000000 0.550611 8.229506 14.500081 7500.000000
 374.000000 0.522679 7.322738 14.517290 7500.000000
 375.000000 0.593957 9.505702 14.555508 7500.000000
 376.000000 0.610209 10.442648 14.688339 7500.000000
 377.000000 0.559004 8.827050 14.786829 7500.000000
 378.000000 0.563892 9.090040 14.843537 7500.000000
 379.000000 0.558312 8.785204 14.921710 7500.000000
 380.000000 0.516520 7.247258 14.947331 7500.000000
 381.000000 0.584340 9.638927 14.986831 7500.000000
 382.000000 0.581886 9.589938 15.087752 7500.000000
 383.000000 0.578459 9.525777 15.148014 7500.000000
 384.000000 0.553179 8.445631 15.215189 7500.000000
 385.000000 0.549486 8.187990 15.239928 7500.000000
 386.000000 0.549214 8.169320 15.280040 7500.000000
 387.000000 0.574847 9.455324 15.324747 7500.000000
 388.000000 0.519031 7.294083 15.382045 7500.000000
 389.000000 0.528047 7.340122 15.382618 7500.000000
 390.000000 0.631132 10.402191 15.485546 7500.000000
 391.000000 0.557529 8.734736 15.583212 8000.000000
 392.000000 0.555494 8.602516 15.608296 8000.000000
 393.000000 0.513842 7.160432 15.622864 8000.000000
 394.000000 0.579404 9.553554 15.652900 8000.000000
 395.000000 0.609380 10.614797 15.787609 8000.000000
 396.000000 0.594735 9.983569 15.871761 8000.000000
 397.000000 0.596687 10.060666 15.996627 8000.000000
 398.000000 0.647189 9.886387 16.118873 8000.000000
 399.000000 0.701605 6.882978 16.183490 8000.000000
 400.000000 0.657049 9.250468 16.217714 8000.000000
 401.000000 0.622286 10.990858 16.353871 8000.000000
 402.000000 0.660265 9.443910 16.465205 8000.000000
 403.000000 0.678904 8.235240 16.567566 8500.000000
 404.000000 0.655527 9.739988 16.688262 8500.000000
 405.000000 0.683145 7.970991 16.770870 8500.000000
 406.000000 0.619287 10.949680 16.827242 8500.000000
 407.000000 0.581204 9.591525 16.881924 8500.000000
 408.000000 0.632354 10.895852 16.990441 8500.000000
 409.000000 0.635501 11.128134 17.105504 8500.000000
 410.000000 0.542701 7.758553 17.205918 8500.000000
 411.000000 0.570044 9.335317 17.249898 8500.000000
 412.000000 0.583723 9.665016 17.312298 8500.000000
 413.000000 0.609954 10.840921 17.400018 8500.000000
 414.000000 0.642954 10.756250 17.568021 9000.000000
 415.000000 0.603956 10.517037 17.721174 9000.000000
 416.000000 0.630418 11.275907 17.885656 9000.000000
 417.000000 0.661880 9.455889 17.938194 9000.000000
 418.000000 0.659317 9.638804 18.045464 9000.000000
 419.000000 0.689025 7.631893 18.073088 9000.000000
 420.000000 0.712816 6.187735 18.088629 9000.000000
 421.000000 0.692966 7.409080 18.091798 9000.000000
 422.000000 0.642918 10.758343 18.135424 9000.000000
 423.000000 0.663020 9.373983 18.271010 9000.000000
 424.000000 0.661906 9.454034 18.320631 9000.000000
 425.000000 0.662487 9.412255 18.391600 9000.000000
 426.000000 0.699638 7.031002 18.462280 9000.000000
 427.000000 0.641410 10.848142 18.505904 9500.000000
 428.000000 0.599451 10.273410 18.620062 9500.000000
 429.000000 0.556587 8.673992 18.679858 9500.000000
 430.000000 0.535929 7.462921 18.729700 9500.000000
 431.000000 0.603885 10.513116 18.769189 9500.000000
 432.000000 0.596812 10.139277 18.871374 9500.000000
 433.000000 0.618792 11.208499 19.004734 9500.000000
 434.000000 0.591924 9.925373 19.141456 9500.000000
 435.000000 0.577982 9.536840 19.210005 9500.000000
 436.000000 0.593400 9.986264 19.277733 9500.000000
 437.000000 0.552744 8.414116 19.331539 9500.000000
 438.000000 0.594653 10.088149 19.391522 9500.000000
 439.000000 0.671426 8.773186 19.449809 9500.000000
 440.000000 0.638254 11.012321 19.497442 9500.000000
 441.000000 0.668088 9.010115 19.571574 10000.000000
 442.000000 0.629201 11.293763 19.690232 10000.000000
 443.000000 0.657469 9.772583 19.809303 10000.000000
 444.000000 0.564716 9.489911 19.892164 10000.000000
 445.000000 0.570222 9.634583 19.943064 10000.000000
 446.000000 0.542258 8.109464 20.002180 10000.000000
 447.000000 0.577472 9.727254 20.022732 10000.000000
 448.000000 0.611513 10.925423 20.107423 10000.000000
 449.000000 0.576588 9.718822 20.215160 10000.000000
 450.000000 0.540304 7.990023 20.259698 10000.000000
 451.000000 0.584241 9.802550 20.286245 10000.000000
 452.000000 0.625166 11.313929 20.410308 10000.000000
 453.000000 0.599878 10.323990 20.513670 10000.000000
 454.000000 0.576796 9.720826 20.591008 10000.000000
 455.000000 0.514237 7.243189 20.627181 10000.000000
 456.000000 0.534383 7.705332 20.630865 10000.000000
 457.000000 0.561496 9.361843 20.653714 10000.000000
 458.000000 0.559069 9.240234 20.716333 10000.000000
 459.000000 0.604090 10.540385 20.761389 10000.000000
 460.000000 0.637145 11.061257 20.874985 10000.000000
 461.000000 0.637408 11.379545 20.981574 10000.000000
 462.000000 0.586684 9.859820 21.105506 10000.000000
 463.000000 0.580501 9.758546 21.163531 10000.000000
 464.000000 0.595917 10.178740 21.231153 10000.000000
 465.000000 0.608588 10.897686 21.305378 10000.000000
 466.000000 0.681266 8.132618 21.406798 10000.000000
 467.000000 0.678299 8.339690 21.401394 10000.000000
 468.000000 0.627882 11.605737 21.524155 10000.000000
 469.000000 0.647840 10.732589 21.692706 10000.000000
 470.000000 0.731038 4.839371 21.696877 10000.000000
 471.000000 0.745205 4.093221 21.664193 10000.000000
 472.000000 0.731983 4.777449 21.629164 10000.000000
 473.000000 0.729195 4.964254 21.596359 10000.000000
 474.000000 0.692132 7.463412 21.586153 10000.000000
 475.000000 0.734610 4.614951 21.562107 10000.000000
 476.000000 0.766487 3.388458 21.526526 10000.000000
 477.000000 0.764366 3.450101 21.490305 10000.000000
 478.000000 0.722413 5.466843 21.461291 10000.000000
 479.000000 0.697735 7.144692 21.441924 10000.000000
 480.000000 0.683364 7.993595 21.439151 10000.000000
 481.000000 0.727567 5.120338 21.444004 10000.000000
 482.000000 0.698389 7.445946 21.417834 10000.000000
 483.000000 0.704284 7.015403 21.414809 10000.000000
 484.000000 0.724271 5.380876 21.404668 10000.000000
 485.000000 0.654940 10.338883 21.401362 10000.000000
 486.000000 0.689619 8.037437 21.441929 10000.000000
 487.000000 0.672073 9.181749 21.479015 10000.000000
 488.000000 0.677244 8.844916 21.525529 10000.000000
 489.000000 0.584329 9.814025 21.599600 10000.000000
 490.000000 0.562216 9.392796 21.651389 10000.000000
 491.000000 0.591394 9.995554 21.728463 10000.000000
 492.000000 0.650449 10.650769 21.843404 10000.000000
 493.000000 0.671529 9.217196 21.928103 10000.000000
 494.000000 0.633326 11.547509 22.053486 10000.000000
 495.000000 0.637182 11.420858 22.175681 10000.000000
 496.000000 0.698608 7.429791 22.231798 10000.000000
 497.000000 0.646851 10.892040 22.251133 10000.000000
 498.000000 0.646808 10.894797 22.405451 10000.000000
 499.000000 0.650560 10.643169 22.543732 10000.000000
 500.000000 0.660971 9.923332 22.594162 10000.000000
 501.000000 0.664014 10.083092 22.672157 10000.000000
 502.000000 0.679504 8.933227 22.762541 10000.000000
 503.000000 0.676766 9.146831 22.771486 10000.000000
 504.000000 0.658960 10.427755 22.876109 10000.000000
 505.000000 0.644599 11.297468 22.988482 10000.000000
 506.000000 0.684426 8.559469 23.052533 10000.000000
 507.000000 0.630794 11.713910 23.130692 10000.000000
 508.000000 0.592751 10.046799 23.229172 10000.000000
 509.000000 0.598283 10.298480 23.321829 10000.000000
 510.000000 0.666695 9.892575 23.413574 10000.000000
 511.000000 0.704755 7.013815 23.418798 10000.000000
 512.000000 0.686385 8.410852 23.416867 10000.000000
 513.000000 0.663996 10.084321 23.491637 10000.000000
 514.000000 0.698199 7.524629 23.526651 10000.000000
 515.000000 0.640275 11.496605 23.621574 10000.000000
 516.000000 0.694728 7.785222 23.653444 10000.000000
 517.000000 0.620168 11.524538 23.711466 10000.000000
 518.000000 0.621477 11.572579 23.833835 10000.000000
 519.000000 0.662761 10.170278 23.939463 10000.000000
 520.000000 0.669680 9.675171 24.002673 10000.000000
 521.000000 0.726795 5.189020 24.004086 10000.000000
 522.000000 0.689134 8.440857 23.988240 10000.000000
 523.000000 0.653123 11.078313 24.097992 10000.000000
 524.000000 0.716989 6.019623 24.113103 10000.000000
 525.000000 0.712127 6.450134 24.104152 10000.000000
 526.000000 0.692537 8.148042 24.077490 10000.000000
 527.000000 0.654846 10.986311 24.135584 10000.000000
 528.000000 0.590334 9.961267 24.237769 10000.000000
 529.000000 0.662405 10.549856 24.334106 10000.000000
 530.000000 0.706883 6.910145 24.352833 10000.000000
 531.000000 0.718310 5.903401 24.343944 10000.000000
 532.000000 0.695122 7.924607 24.356686 10000.000000
 533.000000 0.694564 7.972334 24.354573 10000.000000
 534.000000 0.737486 4.463527 24.327490 10000.000000
 535.000000 0.703181 7.230914 24.297831 10000.000000
 536.000000 0.679952 9.231762 24.369733 10000.000000
 537.000000 0.689742 8.390017 24.367223 10000.000000
 538.000000 0.724001 5.414797 24.344468 10000.000000
 539.000000 0.700905 7.428424 24.324157 10000.000000
 540.000000 0.682477 9.017192 24.361734 10000.000000
 541.000000 0.695565 8.213760 24.439167 10000.000000
 542.000000 0.706106 7.180210 24.424567 10000.000000
 543.000000 0.685657 9.141675 24.452869 10000.000000
 544.000000 0.736563 4.527423 24.432558 10000.000000
 545.000000 0.667294 10.529709 24.479397 10000.000000
 546.000000 0.696445 8.128992 24.493314 10000.000000
 547.000000 0.667333 10.527468 24.492674 10000.000000
 548.000000 0.710688 6.727809 24.522922 10000.000000
 549.000000 0.714448 6.356841 24.493822 10000.000000
 550.000000 0.668452 10.459824 24.525584 10000.000000
 551.000000 0.665205 10.647312 24.589739 10000.000000
 552.000000 0.646945 11.457485 24.717626 10000.000000
 553.000000 0.678602 9.743681 24.752145 10000.000000
 554.000000 0.693170 8.444700 24.813122 10000.000000
 555.000000 0.635930 11.754863 24.916332 10000.000000
 556.000000 0.627208 11.750670 25.053321 10000.000000
 557.000000 0.670600 10.325912 25.177246 10000.000000
 558.000000 0.645133 11.519599 25.282076 10000.000000
 559.000000 0.688671 8.867169 25.308815 10000.000000
 560.000000 0.711090 6.688261 25.359984 10000.000000
 561.000000 0.721219 6.162467 25.350397 10000.000000
 562.000000 0.673030 10.247663 25.367260 10000.000000
 563.000000 0.659228 10.964421 25.433198 10000.000000
 564.000000 0.592170 10.023994 25.526990 10000.000000
 565.000000 0.625585 11.719098 25.589363 10000.000000
 566.000000 0.647512 11.439989 25.716333 10000.000000
 567.000000 0.623738 11.671968 25.845997 10000.000000
 568.000000 0.587444 9.879435 25.945984 10000.000000
 569.000000 0.591745 10.008722 26.010491 10000.000000
 570.000000 0.599152 10.345287 26.102762 10000.000000
 571.000000 0.579642 9.748455 26.152462 10000.000000
 572.000000 0.592351 10.031681 26.199699 10000.000000
 573.000000 0.615329 11.313711 26.258379 10000.000000
 574.000000 0.650363 11.332503 26.389472 10000.000000
 575.000000 0.616354 11.368780 26.515104 10000.000000
 576.000000 0.628307 11.765932 26.582396 10000.000000
 577.000000 0.647420 11.443336 26.720983 10000.000000
 578.000000 0.640662 11.659956 26.847952 10000.000000
 579.000000 0.630599 11.784827 26.984668 10000.000000
 580.000000 0.679949 9.786037 27.095278 10000.000000
 581.000000 0.705247 7.923418 27.098065 10000.000000
 582.000000 0.667055 10.893515 27.102003 10000.000000
 583.000000 0.608381 10.900372 27.205788 10000.000000
 584.000000 0.636070 11.786599 27.346942 10000.000000
 585.000000 0.655209 11.311647 27.469551 10000.000000
 586.000000 0.696126 8.816801 27.494800 10000.000000
 587.000000 0.688095 9.529861 27.514697 10000.000000
 588.000000 0.630486 11.803231 27.586362 10000.000000
 589.000000 0.663660 11.030266 27.711681 10000.000000
 590.000000 0.667763 10.862651 27.749072 10000.000000
 591.000000 0.586344 9.853719 27.849548 10000.000000
 592.000000 0.633493 11.805584 27.947574 10000.000000
 593.000000 0.660711 11.135387 28.085812 10000.000000
 594.000000 0.662316 11.079469 28.173646 10000.000000
 595.000000 0.637703 11.766119 28.283230 10000.000000
 596.000000 0.675098 10.482255 28.386781 10000.000000
 597.000000 0.655771 11.294420 28.423975 10000.000000
 598.000000 0.631866 11.807866 28.549479 10000.000000
 599.000000 0.598174 10.292829 28.609988 10000.000000
 600.000000 0.609077 10.943646 28.712908 10000.000000
 601.000000 0.576540 9.810605 28.740604 10000.000000
 602.000000 0.596272 10.468674 28.782177 10000.000000
 603.000000 0.654072 11.374430 28.850027 10000.000000
 604.000000 0.716369 6.736053 28.858515 10000.000000
 605.000000 0.614346 11.584079 28.894076 10000.000000
 606.000000 0.564595 9.513915 28.928745 10000.000000
 607.000000 0.573121 9.748837 28.942805 10000.000000
 608.000000 0.567217 9.606282 28.976757 10000.000000
 609.000000 0.575309 9.789037 29.017345 10000.000000
 610.000000 0.605840 11.070505 29.090447 10000.000000
 611.000000 0.582769 9.929910 29.184701 10000.000000
 612.000000 0.622465 11.905413 29.286039 10000.000000
 613.000000 0.543379 8.183721 29.327910 10000.000000
 614.000000 0.606381 11.105540 29.353371 10000.000000
 615.000000 0.580801 9.885111 29.444956 10000.000000
 616.000000 0.577491 9.825990 29.478860 10000.000000
 617.000000 0.619641 11.817367 29.532382 10000.000000
 618.000000 0.582477 9.923014 29.637385 10000.000000
 619.000000 0.555341 9.028030 29.675378 10000.000000
 620.000000 0.624754 11.952896 29.706412 10000.000000
 621.000000 0.674130 10.555021 29.829452 10000.000000
 622.000000 0.609983 11.563691 29.965723 10000.000000
 623.000000 0.590662 10.260972 30.018399 10000.000000
 624.000000 0.581619 9.932991 30.071530 10000.000000
 625.000000 0.561437 9.380732 30.160993 10000.000000
 626.000000 0.588156 10.147291 30.184770 10000.000000
 627.000000 0.551166 8.738802 30.223906 10000.000000
 628.000000 0.597397 10.651438 30.258911 10000.000000
 629.000000 0.601276 10.925596 30.291782 10000.000000
 630.000000 0.583159 9.974077 30.360633 10000.000000
 631.000000 0.585348 10.040898 30.390725 10000.000000
 632.000000 0.556666 9.112860 30.421724 10000.000000
 633.000000 0.622948 12.218013 30.497348 10000.000000
 634.000000 0.603302 11.074867 30.581877 10000.000000
 635.000000 0.609072 11.499127 30.704079 10000.000000
 636.000000 0.581963 9.941783 30.755340 10000.000000
 637.000000 0.547540 8.475088 30.778611 10000.000000
 638.000000 0.495443 5.192236 30.819243 10000.000000
 639.000000 0.526996 7.523779 30.785488 10000.000000
 640.000000 0.563841 9.487476 30.774381 10000.000000
 641.000000 0.597186 10.733759 30.806725 10000.000000
 642.000000 0.582514 10.206207 30.881371 10000.000000
 643.000000 0.522971 7.513741 30.891472 10000.000000
 644.000000 0.573094 10.106226 30.903051 10000.000000
 645.000000 0.602217 11.055921 30.940736 10000.000000
 646.000000 0.590343 10.406151 31.026052 10000.000000
 647.000000 0.538665 8.075476 31.062625 10000.000000
 648.000000 0.636160 12.175567 31.137369 10000.000000
 649.000000 0.585921 10.271773 31.253020 10000.000000
 650.000000 0.566434 9.968414 31.297391 10000.000000
 651.000000 0.599375 10.868820 31.331935 10000.000000
 652.000000 0.582421 10.204792 31.380341 10000.000000
 653.000000 0.594019 10.565291 31.470752 10000.000000
 654.000000 0.567047 9.987225 31.521244 10000.000000
 655.000000 0.600514 10.943509 31.568910 10000.000000
 656.000000 0.573380 10.109798 31.617429 10000.000000
 657.000000 0.576320 10.140888 31.659303 10000.000000
 658.000000 0.515297 7.307034 31.657556 10000.000000
 659.000000 0.558748 9.612484 31.676578 10000.000000
 660.000000 0.551067 9.046837 31.690375 10000.000000
 661.000000 0.580339 10.314500 31.766940 10000.000000
 662.000000 0.551011 9.446027 31.775519 10000.000000
 663.000000 0.560277 10.064928 31.824314 10000.000000
 664.000000 0.559281 10.015555 31.870738 10000.000000
 665.000000 0.520612 7.593283 31.891670 10000.000000
 666.000000 0.560157 10.059304 31.878207 10000.000000
 667.000000 0.604973 11.256490 31.932024 10000.000000
 668.000000 0.567596 10.289360 32.031662 10000.000000
 669.000000 0.528988 7.862085 32.024633 10000.000000
 670.000000 0.541904 8.663730 32.047952 10000.000000
 671.000000 0.480041 2.551566 32.019011 10000.000000
 672.000000 0.519159 7.545779 31.993778 10000.000000
 673.000000 0.527775 7.817235 31.973827 10000.000000
 674.000000 0.500536 5.997804 31.949384 10000.000000
 675.000000 0.517874 7.499548 31.912906 10000.000000
 676.000000 0.572484 10.324507 31.910868 10000.000000
 677.000000 0.579680 10.313583 32.006749 10000.000000
 678.000000 0.610999 11.662591 32.044441 10000.000000
 679.000000 0.570664 10.319984 32.136909 10000.000000
 680.000000 0.598298 10.826319 32.226317 10000.000000
 681.000000 0.511148 7.143042 32.246081 10000.000000
 682.000000 0.509442 7.012423 32.206256 10000.000000
 683.000000 0.560314 10.122312 32.239741 10000.000000
 684.000000 0.561923 10.200723 32.267345 10000.000000
 685.000000 0.557295 9.944327 32.310950 10000.000000
 686.000000 0.600110 11.273718 32.372300 10000.000000
 687.000000 0.609183 11.833834 32.507628 10000.000000
 688.000000 0.578794 10.524481 32.588483 10000.000000
 689.000000 0.604277 11.532304 32.645373 10000.000000
 690.000000 0.588889 10.724884 32.706203 10000.000000
 691.000000 0.633148 12.320693 32.818764 10000.000000
 692.000000 0.612477 12.018471 32.935850 10000.000000
 693.000000 0.628958 12.392969 33.049802 10000.000000
 694.000000 0.586861 10.661725 33.163517 10000.000000
 695.000000 0.662476 11.136114 33.250795 10000.000000
 696.000000 0.625294 12.402676 33.360163 10000.000000
 697.000000 0.657515 11.340833 33.466779 10000.000000
 698.000000 0.631153 12.362961 33.542182 10000.000000
 699.000000 0.587356 10.677310 33.640762 10000.000000
 700.000000 0.569316 10.427700 33.708526 10000.000000
 701.000000 0.627986 12.405300 33.815307 10000.000000
 702.000000 0.615183 12.174293 33.927550 10000.000000
 703.000000 0.628849 12.398194 34.051509 10000.000000
 704.000000 0.623202 12.393984 34.192408 10000.000000
 705.000000 0.559889 10.413820 34.307561 10000.000000
 706.000000 0.627327 12.409467 34.418115 10000.000000
 707.000000 0.580255 10.842054 34.509805 10000.000000
 708.000000 0.596596 11.205666 34.606915 10000.000000
 709.000000 0.594648 11.124092 34.710169 10000.000000
 710.000000 0.602315 11.498962 34.786294 10000.000000
 711.000000 0.639901 12.096792 34.897685 10000.000000
 712.000000 0.586888 10.901495 35.017340 10000.000000
 713.000000 0.621158 12.360584 35.132663 10000.000000
 714.000000 0.610953 11.976524 35.274661 10000.000000
 715.000000 0.595660 11.165480 35.350699 10000.000000
 716.000000 0.646979 11.791300 35.479228 10000.000000
 717.000000 0.597773 11.260042 35.580535 10000.000000
 718.000000 0.602345 11.500618 35.672549 10000.000000
 719.000000 0.647723 11.758324 35.799748 10000.000000
 720.000000 0.664382 11.053937 35.885496 10000.000000
 721.000000 0.620718 12.381512 36.010009 10000.000000
 722.000000 0.578015 10.840478 36.088184 10000.000000
 723.000000 0.602284 11.499951 36.160208 10000.000000
 724.000000 0.612301 12.055378 36.283170 10000.000000
 725.000000 0.589244 10.950937 36.395219 10000.000000
 726.000000 0.574599 10.832859 36.466013 10000.000000
 727.000000 0.578167 10.840776 36.539889 10000.000000
 728.000000 0.584510 10.870246 36.601921 10000.000000
 729.000000 0.591732 11.019736 36.676019 10000.000000
 730.000000 0.590562 10.985375 36.753840 10000.000000
 731.000000 0.542696 8.881908 36.780081 10000.000000
 732.000000 0.567264 10.735425 36.811907 10000.000000
 733.000000 0.554568 10.021401 36.853850 10000.000000
 734.000000 0.577600 10.839661 36.871412 10000.000000
 735.000000 0.554469 10.012985 36.922002 10000.000000
 736.000000 0.540028 8.637265 36.909725 10000.000000
 737.000000 0.594728 11.128037 36.969317 10000.000000
 738.000000 0.583414 10.860296 37.072085 10000.000000
 739.000000 0.570339 10.796516 37.125921 10000.000000
 740.000000 0.624098 12.445163 37.201956 10000.000000
 741.000000 0.581244 10.874966 37.297936 10000.000000
 742.000000 0.608224 12.046144 37.403643 10000.000000
 743.000000 0.598684 11.435882 37.498882 10000.000000
 744.000000 0.620884 12.669343 37.619416 10000.000000
 745.000000 0.633543 12.669424 37.724515 10000.000000
 746.000000 0.607457 11.996777 37.814272 10000.000000
 747.000000 0.640993 12.420289 37.955282 10000.000000
 748.000000 0.569790 10.794381 38.077190 10000.000000
 749.000000 0.617152 12.539894 38.179402 10000.000000
 750.000000 0.632347 12.697178 38.292218 10000.000000
 751.000000 0.589310 11.015776 38.402600 10000.000000
 752.000000 0.614088 12.395204 38.445451 10000.000000
 753.000000 0.629458 12.741917 38.609138 10000.000000
 754.000000 0.579754 10.864939 38.697401 10000.000000
 755.000000 0.573668 10.840185 38.762766 10000.000000
 756.000000 0.617349 12.548108 38.831711 10000.000000
 757.000000 0.618867 12.606934 38.943629 10000.000000
 758.000000 0.606835 11.955561 39.007006 10000.000000
 759.000000 0.597510 11.367584 39.093380 10000.000000
 760.000000 0.546850 9.289074 39.158312 10000.000000
 761.000000 0.538931 8.907804 39.151758 10000.000000
 762.000000 0.573557 11.000976 39.195530 10000.000000
 763.000000 0.546089 9.607155 39.241989 10000.000000
 764.000000 0.505773 6.710778 39.223207 10000.000000
 765.000000 0.534121 8.504819 39.215224 10000.000000
 766.000000 0.571829 11.004149 39.250161 10000.000000
 767.000000 0.514105 7.439067 39.257484 10000.000000
 768.000000 0.513047 7.367797 39.242448 10000.000000
 769.000000 0.564292 10.909396 39.262998 10000.000000
 770.000000 0.560620 10.771348 39.317036 10000.000000
 771.000000 0.527731 8.106446 39.335353 10000.000000
 772.000000 0.517616 7.637554 39.308081 10000.000000
 773.000000 0.512128 7.302767 39.298445 10000.000000
 774.000000 0.574705 10.996349 39.311209 10000.000000
 775.000000 0.597473 11.381598 39.367529 10000.000000
 776.000000 0.583105 10.969303 39.434114 10000.000000
 777.000000 0.587773 11.023072 39.490435 10000.000000
 778.000000 0.577128 10.983548 39.552177 10000.000000
 779.000000 0.607242 11.986087 39.610196 10000.000000
 780.000000 0.601606 11.624348 39.710655 10000.000000
 781.000000 0.610832 12.492811 39.798488 10000.000000
 782.000000 0.619232 12.829449 39.952000 10000.000000
 783.000000 0.574058 11.119946 40.037998 10000.000000
 784.000000 0.595729 11.592946 40.100548 10000.000000
 785.000000 0.586956 11.245155 40.157262 10000.000000
 786.000000 0.607637 12.310363 40.279515 10000.000000
 787.000000 0.553286 10.300526 40.343616 10000.000000
 788.000000 0.534235 8.514286 40.379116 10000.000000
 789.000000 0.527316 8.084600 40.375740 10000.000000
 790.000000 0.541903 9.193283 40.360017 10000.000000
 791.000000 0.507399 6.888921 40.340136 10000.000000
 792.000000 0.502538 6.309985 40.325282 10000.000000
 793.000000 0.498194 5.668472 40.295575 10000.000000
 794.000000 0.516654 7.587819 40.254921 10000.000000
 795.000000 0.485982 3.542027 40.227491 10000.000000
 796.000000 0.466566 0.945283 40.178886 10000.000000
 797.000000 0.486274 3.593225 40.131406 10000.000000
 798.000000 0.553305 10.302100 40.108656 10000.000000
 799.000000 0.524217 7.937344 40.099310 10000.000000
 800.000000 0.499616 5.889163 40.074114 10000.000000
 801.000000 0.527716 8.312190 40.052524 10000.000000
 802.000000 0.530564 8.433731 40.035357 10000.000000
 803.000000 0.573444 11.117076 40.058816 10000.000000
 804.000000 0.545088 9.554245 40.097292 10000.000000
 805.000000 0.499294 6.394383 40.086547 10000.000000
 806.000000 0.499407 6.411632 40.060026 10000.000000
 807.000000 0.563535 10.941194 40.057695 10000.000000
 808.000000 0.604320 12.106194 40.114645 10000.000000
 809.000000 0.556730 10.579336 40.202307 10000.000000
 810.000000 0.528328 8.335490 40.223527 10000.000000
 811.000000 0.534440 8.651240 40.252532 10000.000000
 812.000000 0.530882 8.449074 40.231535 10000.000000
 813.000000 0.478187 2.586638 40.194240 10000.000000
 814.000000 0.548289 9.862897 40.163729 10000.000000
 815.000000 0.530505 8.430919 40.205006 10000.000000
 816.000000 0.525521 8.236225 40.189722 10000.000000
 817.000000 0.511638 7.728838 40.166589 10000.000000
 818.000000 0.493927 5.488073 40.123544 10000.000000
 819.000000 0.506052 7.268267 40.105400 10000.000000
 820.000000 0.507935 7.451226 40.073966 10000.000000
 821.000000 0.505631 7.695072 40.053124 10000.000000
 822.000000 0.514141 8.318647 40.041592 10000.000000
 823.000000 0.533096 8.783464 40.027722 10000.000000
 824.000000 0.509352 8.041761 40.011430 10000.000000
 825.000000 0.529655 8.653143 39.996325 10000.000000
 826.000000 0.532936 8.776339 39.996464 10000.000000
 827.000000 0.561292 10.861802 40.022566 10000.000000
 828.000000 0.549550 10.036369 40.017746 10000.000000
 829.000000 0.542417 9.407352 40.057449 10000.000000
 830.000000 0.497416 6.507442 40.057291 10000.000000
 831.000000 0.529989 8.664228 40.051268 10000.000000
 832.000000 0.534747 8.864145 40.049384 10000.000000
 833.000000 0.545250 9.653018 40.048344 10000.000000
 834.000000 0.546468 9.761740 40.043924 10000.000000
 835.000000 0.511046 8.159092 40.014629 10000.000000
 836.000000 0.505010 7.625764 40.006129 10000.000000
 837.000000 0.478590 2.813985 39.986702 10000.000000
 838.000000 0.484843 4.009543 39.942957 10000.000000
 839.000000 0.486707 4.390604 39.907953 10000.000000
 840.000000 0.488890 4.839871 39.877576 10000.000000
 841.000000 0.506610 8.214917 39.862137 10000.000000
 842.000000 0.492348 6.152978 39.847949 10000.000000
 843.000000 0.517775 8.649282 39.822957 10000.000000
 844.000000 0.535693 8.955943 39.815395 10000.000000
 845.000000 0.524515 8.668092 39.811898 10000.000000
 846.000000 0.514867 8.611434 39.796523 10000.000000
 847.000000 0.503439 7.907213 39.786845 10000.000000
 848.000000 0.484913 4.627247 39.756082 10000.000000
 849.000000 0.464361 1.228293 39.722619 10000.000000
 850.000000 0.448117 0.237112 39.677438 10000.000000
 851.000000 0.487203 5.106113 39.635620 10000.000000
 852.000000 0.461685 0.972661 39.595078 10000.000000
 853.000000 0.459481 0.793934 39.553523 10000.000000
 854.000000 0.461847 0.986906 39.508561 10000.000000
 855.000000 0.473555 2.456435 39.469536 10000.000000
 856.000000 0.438827 0.071556 39.425135 10000.000000
 857.000000 0.473187 2.396867 39.385569 10000.000000
 858.000000 0.470882 2.042939 39.341447 10000.000000
 859.000000 0.440033 0.084298 39.297034 10000.000000
 860.000000 0.413428 0.000000 39.252514 10000.000000
 861.000000 0.416644 0.987154 39.208620 10000.000000
 862.000000 0.450993 0.501130 39.164670 10000.000000
 863.000000 0.440357 0.492007 39.120736 10000.000000
 864.000000 0.438678 0.520803 39.076922 10000.000000
 865.000000 0.405869 0.931056 39.033359 10000.000000
 866.000000 0.402471 0.860640 38.989907 10000.000000
 867.000000 0.426543 0.815523 38.946484 10000.000000
 868.000000 0.432986 0.647507 38.903131 10000.000000
 869.000000 0.439054 0.513868 38.859800 10000.000000
 870.000000 0.455880 0.662158 38.816687 10000.000000
 871.000000 0.448078 0.458981 38.773831 10000.000000
 872.000000 0.415922 0.992257 38.730914 10000.000000
 873.000000 0.423653 0.883125 38.688151 10000.000000
 874.000000 0.426190 0.824288 38.645576 10000.000000
 875.000000 0.430043 0.724862 38.602866 10000.000000
 876.000000 0.392132 0.567267 38.560355 10000.000000
